11
1400 2 Right 90.694 626.409 138.084 576.886 181.3 543.709 215.202 529.863 236.527 521.225 158.941 497.443 207.823 508.676 205.15 517.31 195.67 509.212 146.64 511.464 209.044 529.888 198.587 533.586 184.292 522.851 137.787 534.121 198.69 555.879 185.003 558.914 170.605 549.291 131.988 562.15 182.257 577.704 169.563 578.741 151.978 570.781 19.382 33.524 85.116 89.979 110.438 44.237 102.875 44.435 88.787 60.166 Left 959.748 569.19 906.203 527.902 854.393 493.886 809.382 484.251 782.115 482.081 872.594 439.045 812.457 457.973 817.108 470.236 829.419 464.874 884.804 455.148 815.72 483.829 827.266 493.464 841.989 486.952 895.152 478.251 831.016 511.015 846.651 515.326 863.856 505.395 905.014 507.098 851.627 533.398 867.113 536.462 886.34 527.364 36.598 20.458 92.948 56.835 88.682 66.858 86.054 41.605 70.57 81.743
2500 2 Right 170.839 479.938 220.532 447.877 278.343 429.049 330.966 438.255 370.488 454.344 269.547 369.512 338.418 367.479 346.221 402.912 333.94 422.088 254.942 388.395 329.889 409.549 320.244 438.668 302.139 441.097 241.496 419.471 307.387 456.931 291.011 470.8 271.22 462.319 231.347 455.602 283.395 482.972 271.665 490.585 253.081 482.892 42.54 1.818 71.115 45.079 88.217 46.309 74.782 44.642 71.411 44.455 Left 874.378 483.72 829.063 449.89 765.998 430.777 710.406 439.797 670.783 448.567 768.708 369.719 698.422 375.835 685.906 409.299 695.693 425.653 778.034 388.932 697.868 407.679 696.203 438.57 710.091 449.021 785.726 417.806 722.086 458.843 739.518 474.4 760.272 467.542 792.673 450.378 745.692 484.862 761.591 494.993 779.414 486.093 43.334 17.629 75.564 39.582 70.35 53.358 68.139 43.258 69.711 47.927
2600 2 Right 166.894 483.751 220.784 453.914 278.616 439.706 324.618 457.015 361.66 473.864 279.605 380.212 344.542 380.763 384.915 394.033 414.225 408.595 262.983 397.749 336.595 419.767 376.131 442.169 405.441 458.95 245.493 426.075 308.726 469.04 289.623 478.484 268.39 472.64 229.573 459.054 277.866 492.86 267.852 498.208 253.46 490.106 41.086 7.057 30.053 34.839 44.346 12.902 73.656 25.623 66.167 23.034 Left 881.394 479.823 828.181 449.955 760.987 439.035 707.59 454.224 667.082 467.324 759.181 382.332 689.17 382.914 651.991 399.775 628.678 417.859 769.229 402.098 689.237 416.536 659.976 440.797 644.489 458.3 779.807 430.458 717.09 476.192 736.498 486.705 758.291 480.445 790.661 462.173 745.514 498.234 762.81 505.113 782.644 495.372 38.971 18.203 50.473 26.23 45.722 23.312 65.716 39.3 56.464 62.496
3600 2 Right 174.262 520.813 223.405 492.647 288.647 495.422 335.122 522.878 369.152 546.415 292.068 459.636 354.656 468.348 393.335 471.986 425.473 476.173 280.198 473.679 347.493 458.234 389.208 444.123 423.779 433.802 263.299 497.335 338.493 527.749 325.423 535.15 304.248 529.969 245.952 529.297 303.079 553.769 294.813 555.245 277.11 546.626 46.771 12.044 28.425 12.691 27.327 19.164 71.46 28.482 55.561 42.664 Left 903.524 597.564 846.865 564.012 780.162 572.951 736.377 610.79 712.662 646.658 761.228 556.126 690.765 578.336 651.036 592.504 617.713 605.952 777.156 587.436 693.589 620.448 648.956 642.736 616.868 661.648 796.37 621.758 720.725 668.798 708.708 675.864 708.046 674.002 817.994 653.799 763.016 685.979 763.893 682.635 774.43 670.849 35.14 15.473 49.443 18.586 45.739 22.743 46.448 18.619 53.85 45.187
3800 2 Right 194.897 541.378 243.05 511.241 304.574 517.442 349.225 544.197 372.426 568.085 307.261 483.116 368.362 489.227 404.901 489.87 434.917 488.915 295.879 499.242 364.846 487.117 408.73 476.536 444.229 468.264 280.803 522.826 349.248 554.217 334.321 559.529 313.998 552.046 265.698 553.242 320.375 578.729 310.333 578.857 292.407 568.004 45.028 9.532 27.918 14.194 28.804 18.513 71.72 30.457 52.671 47.392 Left 915.085 758.876 849.301 734.202 786.862 751.221 743.637 786.035 719.312 816.507 783.129 767.044 720.899 806.196 682.295 834.392 652.159 858.81 801.723 800.151 737.988 849.937 691.384 881.025 658.759 905.851 822.852 827.868 768.386 870.152 744.815 878.289 734.986 880.662 844.135 848.777 797.73 878.632 777.792 886.221 768.499 889.894 34.843 10.242 44.32 25.181 31.644 23.684 44.674 17.999 29.43 23.645
4200 1 Right 243.674 473.515 298.732 466.918 354.144 470.663 391.453 484.112 415.114 490.998 369.364 419.713 423.47 417.403 458.902 415.425 488.968 413.382 363.429 420.714 425.574 408.821 464.072 405.932 496.185 403.969 351.805 433.43 409.108 466.369 388.225 481.622 367.718 481.639 339.174 458.584 375.192 493.742 357.932 499.605 342.865 491.405 25.847 29.261 5.011 3.439 9.909 8.205 82.524 39.922 75.144 47.675
4700 1 Right 370.689 465.983 410.655 449.167 455.982 450.279 485.297 467.593 503.784 482.535 485.201 430.918 537.568 434.386 570.032 437.062 595.218 438.455 486.582 441.811 543.706 451.074 577.551 453.17 604.112 452.853 481.043 457.428 518.711 495.618 499.24 504.597 481.877 502.56 470.032 479.092 491.41 512.047 475.034 515.17 461.625 510.324 18.73 38.361 9.259 21.204 12.645 9.075 75.84 24.905 70.075 46.955
5100 1 Right 241.886 475.478 284.418 465.775 340.337 480.325 377.238 508.202 395.649 527.829 361.57 440.869 418.803 455.589 454.207 461.182 483.028 463.693 354.307 446.179 419.635 451.245 459.056 456.684 492.064 460.293 339.728 461.18 391.756 510.405 370.525 519.629 352.833 511.921 321.462 486.008 353.316 528.529 336.448 530.587 324.034 518.334 40.233 22.655 12.853 14.801 13.068 2.519 67.196 35.883 61.583 49.283
5700 1 Right 340.068 418.958 389.199 417.504 440.98 421.097 474.661 432.493 495.121 440.606 460.591 369.353 515.183 362.472 551.154 360.021 579.384 358.205 455.233 371.205 517.488 371.904 555.087 372.036 582.528 372.205 446.052 382.744 492.278 427.564 471.725 438.596 453.351 435.59 435.573 404.283 468.512 443.632 449.698 450.046 434.257 444.649 24.394 39.771 6.833 14.166 2.031 8.152 68.779 37.404 65.443 52.765
6100 1 Right 345.584 535.426 394.934 521.192 448.162 534.997 477.763 563.231 491.489 585.653 470.093 516.299 530.145 532.32 565.864 540.46 594.888 545.62 468.201 529.483 530.319 544.121 567.359 551.362 597.569 556.376 458.469 548.004 500.588 593.692 485.699 599.385 468.727 593.932 443.416 570.092 465.116 603.156 453.135 603.815 441.55 596.113 28.449 37.671 15.386 11.25 3.584 23.788 55.907 41.664 55.097 52.537
6400 1 Right 236.859 559.888 282.685 537.455 334.634 546.826 366.206 573.684 384.637 599.301 358.636 530.444 416.911 558.982 453.546 574.694 481.913 587.977 350.108 546.348 422.624 560.999 464.093 569.732 496.359 577.81 333.981 570.046 389.441 617.007 371.247 616.237 350.693 604.724 311.71 598.524 352.779 634.734 339.318 630.088 323.484 616.948 35.406 23.694 30.959 12.421 28.673 9.878 79.205 27.056 63.451 43.675
51
1400 2 Right 90.694 626.409 138.084 576.886 181.3 543.709 215.202 529.863 236.527 521.225 158.941 497.443 207.823 508.676 205.15 517.31 195.67 509.212 146.64 511.464 209.044 529.888 198.587 533.586 184.292 522.851 137.787 534.121 198.69 555.879 185.003 558.914 170.605 549.291 131.988 562.15 182.257 577.704 169.563 578.741 151.978 570.781 19.382 33.524 85.116 89.979 110.438 44.237 102.875 44.435 88.787 60.166 Left 959.748 569.19 906.203 527.902 854.393 493.886 809.382 484.251 782.115 482.081 872.594 439.045 812.457 457.973 817.108 470.236 829.419 464.874 884.804 455.148 815.72 483.829 827.266 493.464 841.989 486.952 895.152 478.251 831.016 511.015 846.651 515.326 863.856 505.395 905.014 507.098 851.627 533.398 867.113 536.462 886.34 527.364 36.598 20.458 92.948 56.835 88.682 66.858 86.054 41.605 70.57 81.743
1500 2 Right 103.993 574.911 149.72 531.097 192.433 497.948 227.943 482.685 253.215 466.622 171.587 447.644 221.436 456.161 221.243 467.192 212.42 463.721 160.134 459.898 224.567 475.569 216.262 483.184 201.381 475.596 151.434 480.959 213.617 500.083 201.739 507.506 186.405 499.738 145.554 507.757 195.873 521.369 185.126 527.159 168.238 520.462 11.36 28.714 75.199 124.339 110.589 54.827 101.405 52.986 86.061 54.494 Left 950.046 524.741 898.924 484.045 844.844 451.827 796.095 444.003 765.528 439.211 856.635 388.106 790.972 410.12 798.497 424.389 813.503 419.077 865.526 404.613 791.632 434.087 804.697 446.573 820.794 441.28 873.188 428.935 806.411 463.629 823.029 471.637 840.638 462.558 880.99 459.767 825.65 488.193 842.471 494.119 862.095 485.31 29.793 27.165 88.134 49.267 88.706 56.906 77.774 50.669 63.324 86.374
1600 2 Right 116.189 540.214 167.734 501.647 213.794 473.095 251.927 461.611 275.713 457.65 187.482 402.779 247.922 414.008 243.008 438.315 228.268 440.769 173.566 418.637 243.532 440.601 231.075 459.92 214.531 455.45 164.141 446.121 229.809 475.392 214.536 487.644 197.789 480.084 158.144 479.597 211.504 499.888 199.048 506.779 180.961 500.982 37.409 10.266 77.324 55.817 106.3 49.779 79.472 45.287 81.797 47.69 Left 927.118 499.406 880.166 464.838 825.972 433.339 778.743 428.953 751.853 432.316 839.54 362.381 771.83 377.679 777.841 406.899 795.591 408.827 850.959 379.435 777.351 411.72 791.092 436.146 811.675 432.865 859.048 406.035 794.688 447.261 812.296 462.616 832.262 452.677 865.824 437.161 815.95 473.396 831.834 484.509 851.064 475.445 40.657 23.618 90.933 33.25 84.827 63.986 79.14 49.924 63.553 73.486
1700 2 Right 129.727 513.69 185.286 482.453 230.795 454.846 266.823 443.301 287.185 436.133 200.817 372.905 264.688 383.751 257.437 413.445 238.732 419.055 184.665 389.102 259.774 413.765 245.66 439.184 225.521 437.379 173.582 417.559 242.888 451.923 226.861 468.482 207.143 461.13 166.57 451.36 219.776 478.775 207.546 488.92 189.165 481.426 32.017 22.826 84.238 58.152 105.453 51.514 79.855 33.233 79.905 31.561 Left 916.203 482.908 872.677 447.901 818.933 419.089 769.297 415.341 741.973 419.133 828.524 350.382 758.941 363.066 766.664 393.694 785.576 393.798 840.025 368.643 764.324 397.008 777.979 422.729 798.951 419.217 847.825 396.508 781.389 433.933 798.135 451.748 817.907 443.873 854.336 428.064 803.194 461.161 818.477 472.467 837.513 465.039 30.27 27.191 97.537 35.917 90.92 57.824 75.398 46.16 66.133 55.658
1800 2 Right 136.171 500.215 188.26 470.17 235.365 443.602 275.702 432.084 297.898 426.914 208.742 365.486 273.423 373.359 266.559 403.877 248.25 409.893 192.509 382.564 267.348 404.494 253.717 429.808 233.845 427.909 181.416 411.012 250.238 444.993 234.04 461.586 215.001 454.715 174.541 444.449 227.961 472.373 214.471 482.806 196.879 476.326 36.634 14.805 85.592 48.18 105.39 51.081 80.428 39.434 72.614 51.297 Left 908.462 483.354 863.816 447.779 806.574 419.681 755.712 416.471 725.431 419.242 818.453 351.87 746.754 367.585 754.588 395.817 773.505 397.473 829.822 369.901 750.725 401.923 765.574 426.127 786.426 422.453 836.635 397.881 768.042 435.209 787.167 451.171 807.585 442.276 841.385 429.284 789.345 461.979 804.793 473.439 823.18 466.39 35.428 19.123 90.013 35.681 81.047 64.759 77.73 52.658 71.003 63.007
1900 2 Right 138.18 499.182 188.43 468.402 235.456 440.644 275.835 428.7 300.748 426.065 213.696 365.135 278.943 374.472 272.241 403.393 253.694 408.572 198.005 381.824 271.25 406.838 257.208 430.532 237.252 426.073 187.094 410.39 255.067 445.131 238.473 461.36 219.081 453.173 179.795 444.01 232.218 471.989 217.993 483.394 199.667 476.617 36.213 13.531 87.878 42.932 101.359 52.92 81.578 38.529 80.174 47.757 Left 904.405 483.835 864.363 445.601 807.587 418.942 754.688 418.003 721.869 422.229 812.332 351.903 741.163 372.902 749.923 399.749 769.804 401.137 823.281 371.208 745.219 406.638 761.302 429.722 782.314 425.855 830.109 399.937 762.375 438.531 782.354 453.98 802.694 445.874 835.264 432.046 784.298 465.182 800.69 476.172 819.128 469.201 35.846 17.62 87.091 40.292 81.836 62.429 77.59 50.423 71.637 59.199
2000 2 Right 151.405 495.715 207.742 469.5 253.878 444.792 291.362 431.877 311.918 425.492 224.505 362.709 288.83 371.695 282.586 401.667 265.434 405.255 208.593 380.488 283.012 402.88 269.718 428.024 251.626 422.414 197.76 409.606 267.243 441.25 251.728 457.962 232.948 448.983 191.109 443.696 246.843 466.891 234.888 477.781 216.637 470.935 31.622 18.649 82.477 50.343 102.185 59.55 83.305 41.668 73.684 54.288 Left 895.765 482.37 858.609 442.141 799.453 415.75 744.394 418.34 707.747 424.127 804.491 355.799 732.847 372.485 740.705 399.743 760.433 401.643 813.333 375.308 735.432 405.901 751.439 428.56 772.723 425.08 819.041 404.0 751.367 439.823 771.596 454.509 791.881 446.434 823.733 435.609 773.111 467.586 789.504 477.51 807.525 470.505 39.313 17.378 88.013 37.802 83.568 60.562 78.475 45.143 69.724 60.755
2100 2 Right 156.804 489.381 209.382 461.273 257.603 437.545 298.931 428.063 322.129 425.32 236.142 359.724 300.095 370.316 293.495 399.462 275.954 402.984 220.105 377.032 293.669 401.189 280.223 426.479 261.611 420.593 208.597 405.681 277.915 438.487 262.829 455.774 243.999 446.774 201.359 439.603 257.101 465.366 245.136 476.559 226.935 469.557 33.972 15.744 84.354 46.825 102.899 56.463 84.014 41.367 73.305 54.657 Left 888.191 481.123 852.512 439.568 793.05 413.671 736.636 416.253 702.476 421.847 796.103 353.593 723.815 372.626 732.763 400.733 752.918 402.297 804.895 374.241 727.325 407.333 744.312 430.045 765.357 425.892 810.812 403.983 743.561 441.353 764.378 455.663 784.669 447.129 815.65 436.629 764.327 468.314 781.421 477.792 799.876 470.766 39.608 17.572 89.275 38.729 83.991 59.105 79.199 44.958 71.073 57.821
2200 2 Right 163.267 485.857 214.317 459.197 264.027 436.42 307.019 428.143 331.077 424.866 243.923 358.735 309.717 367.238 303.545 396.885 285.621 401.093 228.731 376.226 304.213 399.216 290.194 424.993 271.58 418.906 217.998 405.217 287.832 438.289 271.595 455.835 253.252 446.501 211.208 439.538 267.332 465.497 255.01 476.889 237.791 469.814 35.207 16.661 79.408 49.196 103.185 53.964 82.536 39.893 74.963 49.454 Left 882.108 483.114 842.808 443.498 783.158 418.518 728.199 420.29 696.572 423.437 788.813 354.132 717.097 374.633 726.298 402.634 746.196 404.395 798.125 374.055 719.969 409.6 737.278 433.016 758.338 428.931 803.787 403.361 736.507 443.207 757.567 458.381 777.765 449.623 807.973 436.177 757.132 469.952 774.629 480.209 792.989 472.789 37.854 20.01 89.754 37.963 81.848 62.436 77.852 48.462 72.588 60.429
2300 2 Right 164.738 485.232 214.993 456.078 265.996 432.17 310.454 424.902 337.766 424.305 249.858 358.702 317.54 370.054 308.63 398.82 288.615 402.597 234.348 376.676 309.874 402.247 293.908 425.529 273.975 419.524 222.577 406.126 292.901 438.89 275.348 454.941 256.053 446.748 214.244 441.046 271.634 466.721 257.94 476.603 239.28 470.228 38.483 11.86 85.909 40.612 102.224 48.169 80.197 36.891 76.415 46.822 Left 878.886 482.821 841.861 440.613 783.048 415.985 727.714 418.889 695.77 422.729 785.437 353.811 715.419 374.406 722.994 402.418 741.797 404.713 793.939 374.706 716.261 410.659 733.25 434.025 753.831 429.881 799.211 404.605 732.714 444.741 754.172 459.299 774.164 450.217 803.283 437.766 753.298 470.977 771.281 480.736 789.441 472.886 37.687 19.512 88.328 38.509 82.437 62.724 76.831 48.741 73.991 55.072
2400 2 Right 173.514 486.766 223.692 458.246 275.662 434.836 321.746 427.381 350.36 427.901 258.898 360.805 326.265 369.648 317.853 400.102 299.265 403.602 243.275 379.109 319.986 404.125 304.081 429.433 285.207 423.694 231.713 408.582 301.398 443.585 284.219 460.024 266.1 451.193 223.923 443.326 280.436 470.218 267.874 480.069 250.674 472.908 38.673 8.407 80.295 44.83 98.35 53.922 77.884 40.108 74.517 47.566 Left 873.97 485.589 838.022 441.16 777.584 414.492 720.081 417.666 687.219 427.469 779.446 356.676 707.385 379.525 717.039 405.753 736.812 406.964 787.225 378.529 707.368 416.152 726.682 436.891 748.026 431.365 792.322 409.097 724.207 448.694 747.993 461.505 768.608 451.874 796.728 442.743 746.801 474.152 765.684 482.936 783.776 475.385 39.089 22.202 87.664 37.658 83.047 59.02 80.931 44.056 76.086 54.419
2500 2 Right 170.839 479.938 220.532 447.877 278.343 429.049 330.966 438.255 370.488 454.344 269.547 369.512 338.418 367.479 346.221 402.912 333.94 422.088 254.942 388.395 329.889 409.549 320.244 438.668 302.139 441.097 241.496 419.471 307.387 456.931 291.011 470.8 271.22 462.319 231.347 455.602 283.395 482.972 271.665 490.585 253.081 482.892 42.54 1.818 71.115 45.079 88.217 46.309 74.782 44.642 71.411 44.455 Left 874.378 483.72 829.063 449.89 765.998 430.777 710.406 439.797 670.783 448.567 768.708 369.719 698.422 375.835 685.906 409.299 695.693 425.653 778.034 388.932 697.868 407.679 696.203 438.57 710.091 449.021 785.726 417.806 722.086 458.843 739.518 474.4 760.272 467.542 792.673 450.378 745.692 484.862 761.591 494.993 779.414 486.093 43.334 17.629 75.564 39.582 70.35 53.358 68.139 43.258 69.711 47.927
2600 2 Right 166.894 483.751 220.784 453.914 278.616 439.706 324.618 457.015 361.66 473.864 279.605 380.212 344.542 380.763 384.915 394.033 414.225 408.595 262.983 397.749 336.595 419.767 376.131 442.169 405.441 458.95 245.493 426.075 308.726 469.04 289.623 478.484 268.39 472.64 229.573 459.054 277.866 492.86 267.852 498.208 253.46 490.106 41.086 7.057 30.053 34.839 44.346 12.902 73.656 25.623 66.167 23.034 Left 881.394 479.823 828.181 449.955 760.987 439.035 707.59 454.224 667.082 467.324 759.181 382.332 689.17 382.914 651.991 399.775 628.678 417.859 769.229 402.098 689.237 416.536 659.976 440.797 644.489 458.3 779.807 430.458 717.09 476.192 736.498 486.705 758.291 480.445 790.661 462.173 745.514 498.234 762.81 505.113 782.644 495.372 38.971 18.203 50.473 26.23 45.722 23.312 65.716 39.3 56.464 62.496
2700 2 Right 163.095 486.501 217.921 457.403 282.383 457.309 329.425 487.815 361.38 510.213 296.324 412.851 364.376 416.235 405.28 411.735 439.277 406.174 279.972 433.571 344.765 458.069 385.936 467.009 422.074 470.482 260.586 462.756 313.295 510.595 295.388 513.326 275.932 504.279 240.935 495.72 283.554 533.018 272.975 533.492 257.991 523.432 42.738 8.56 15.159 23.685 30.739 16.17 60.49 31.119 68.603 23.175 Left 883.479 480.436 826.494 456.196 757.733 460.115 707.119 492.979 670.456 517.098 736.397 417.59 667.494 411.297 628.495 403.298 594.172 396.912 745.417 436.36 667.403 455.819 620.662 467.582 582.696 477.868 760.706 463.452 711.495 515.662 734.289 515.942 755.587 505.377 778.572 493.678 744.677 531.973 763.08 530.809 781.179 518.38 38.527 26.019 21.36 14.597 39.065 18.731 54.577 39.37 48.96 42.126
2800 2 Right 169.757 490.683 228.442 464.926 293.289 472.098 336.638 505.229 365.639 530.654 304.488 427.343 372.314 426.742 413.012 418.707 446.518 410.506 288.72 449.353 353.756 474.686 391.86 483.954 424.855 487.632 269.332 478.582 325.018 527.815 307.852 525.69 289.019 511.459 247.805 509.568 294.401 547.598 282.679 544.689 267.241 532.107 52.132 10.433 20.946 14.084 53.217 8.813 64.755 32.039 61.81 43.715 Left 870.266 487.091 813.045 461.803 743.454 470.579 694.642 507.239 662.444 535.426 724.228 435.119 655.925 427.355 616.24 413.176 584.341 399.759 730.113 456.912 654.459 476.098 606.481 482.728 569.121 487.44 743.976 484.238 703.06 532.509 722.992 530.985 742.079 520.846 761.769 513.96 731.118 548.701 749.299 545.097 765.937 532.92 37.07 22.315 25.054 12.776 29.204 13.514 53.802 27.58 48.684 44.612
2900 2 Right 173.35 492.312 231.453 467.07 296.993 474.961 341.119 508.356 370.66 534.142 310.806 431.322 376.608 431.379 416.091 424.381 448.571 415.717 295.906 454.292 358.365 481.98 396.566 491.406 430.075 496.138 276.991 482.819 328.152 532.235 309.823 528.522 291.904 514.991 255.881 513.107 299.206 552.249 286.503 547.446 271.87 535.328 43.214 15.01 27.252 19.183 33.747 7.621 60.381 24.783 63.577 40.839 Left 866.803 488.216 811.575 462.111 739.991 474.037 691.399 514.723 658.631 543.226 719.729 438.851 651.194 432.708 610.976 417.206 579.501 402.956 724.168 462.091 648.608 482.799 600.371 487.641 561.941 490.644 737.485 490.65 695.578 538.754 717.229 536.881 735.966 527.137 754.64 520.81 723.315 554.42 742.665 550.631 758.428 539.201 33.19 27.183 22.183 7.941 25.972 5.188 56.593 26.294 49.151 36.201
3000 2 Right 178.773 492.624 235.181 466.699 300.668 475.477 346.065 508.812 375.968 535.787 314.426 432.833 381.01 432.588 420.036 425.402 451.936 415.87 299.489 457.242 363.994 485.013 402.493 494.081 436.458 497.791 280.585 486.319 333.578 533.556 314.223 530.447 295.785 517.716 259.7 516.593 303.908 553.227 290.676 548.759 275.553 537.356 43.252 15.954 29.96 18.5 34.512 5.304 59.355 22.723 66.585 37.644 Left 859.348 491.706 804.406 463.849 734.317 475.106 685.619 514.521 653.2 542.972 712.46 440.107 645.607 431.05 604.906 416.638 572.711 404.25 715.952 464.132 641.15 481.994 592.861 487.77 553.874 492.123 729.1 493.651 687.676 540.125 710.618 538.337 729.767 528.384 746.151 524.927 716.416 556.732 736.389 553.188 751.837 542.308 34.391 29.102 26.551 7.273 26.731 13.409 62.015 26.94 47.128 47.643
3100 2 Right 178.201 492.68 233.548 467.949 298.263 475.286 343.21 508.204 372.299 535.178 309.777 431.588 378.847 429.267 418.643 419.583 450.564 407.432 295.796 454.403 361.75 481.957 401.793 491.032 436.86 494.589 277.831 482.701 331.298 532.193 313.028 530.987 294.389 519.094 258.425 512.755 300.888 551.826 288.545 548.205 274.047 536.137 47.547 15.447 27.775 21.478 32.514 9.867 67.034 18.431 61.601 44.405 Left 858.617 491.821 803.95 464.864 734.643 474.715 685.841 512.643 653.796 539.533 713.102 437.964 646.884 430.773 606.297 415.908 575.247 402.283 715.9 459.942 640.021 480.041 591.869 486.4 554.001 490.154 727.607 488.329 686.294 537.317 709.017 537.872 728.341 528.833 743.597 519.179 717.038 553.401 737.235 551.248 752.134 540.429 32.269 33.31 18.795 6.834 27.796 8.922 63.004 27.339 48.231 47.641
3200 2 Right 175.85 494.2 231.854 468.822 296.584 474.788 341.918 507.199 369.467 533.678 307.314 430.511 375.692 428.085 415.963 418.861 448.672 408.169 292.428 452.727 357.337 478.373 398.536 486.198 435.095 489.821 274.421 481.072 329.503 530.898 310.561 528.152 290.846 515.464 255.121 511.594 298.432 551.228 286.753 546.874 272.778 534.928 48.249 16.432 25.87 20.062 31.058 7.834 66.319 19.296 60.24 46.936 Left 859.894 490.036 805.023 463.783 735.518 474.576 686.082 513.174 652.552 540.944 715.288 437.745 648.262 431.619 607.94 417.473 575.534 405.012 718.248 459.595 642.658 477.455 594.248 482.22 555.346 485.955 730.376 487.966 686.384 537.704 709.639 537.41 729.84 528.514 746.869 518.772 717.395 553.515 737.023 550.778 752.694 539.56 31.354 28.617 21.754 5.409 30.664 8.575 60.906 29.546 48.502 44.72
3300 2 Right 170.189 494.169 226.666 468.414 290.851 472.03 336.425 503.447 366.695 527.54 298.216 428.18 367.521 428.116 408.572 419.846 442.474 410.852 284.415 448.836 350.479 466.208 392.621 471.082 431.088 473.027 267.891 476.821 326.664 525.749 308.034 526.724 288.677 515.309 249.384 507.901 294.947 547.812 284.169 545.224 270.201 533.051 45.67 15.746 24.061 19.667 31.172 5.71 69.911 21.906 60.478 51.229 Left 863.646 493.589 808.806 465.443 737.704 474.104 688.268 508.617 653.502 532.304 718.732 440.591 651.642 444.382 609.784 439.868 574.736 436.284 724.712 461.431 648.056 470.556 601.708 471.25 562.23 472.792 738.714 490.219 680.425 540.271 703.553 542.669 724.855 534.097 757.876 522.691 715.742 559.653 733.992 558.48 750.639 547.574 36.419 21.585 29.674 9.936 32.529 9.181 65.822 33.946 53.585 44.439
3400 2 Right 162.933 503.248 219.418 473.839 286.553 474.85 335.296 502.336 368.945 528.74 289.318 431.542 351.872 443.052 394.127 448.0 429.312 450.868 276.119 450.005 346.745 455.306 390.649 452.47 430.346 447.771 259.33 476.701 326.29 519.482 307.33 521.105 287.592 508.725 241.045 509.767 294.046 543.431 282.545 542.24 266.677 529.087 45.083 6.812 29.574 20.226 23.647 8.335 74.201 23.702 62.346 50.394 Left 874.884 514.809 816.322 481.464 746.558 489.427 694.439 516.7 654.402 534.729 730.891 458.667 661.04 467.572 619.481 471.431 584.231 476.038 740.35 482.237 659.823 491.062 613.636 496.551 577.653 501.58 756.912 513.843 680.318 557.034 681.888 574.018 693.45 578.708 778.337 548.509 725.528 578.65 734.531 579.073 751.004 569.895 30.08 17.15 40.911 3.675 35.917 11.308 46.03 27.507 55.514 34.439
3500 2 Right 168.796 506.162 223.945 479.984 289.272 481.961 336.443 507.983 371.648 529.815 292.32 438.845 356.06 451.455 399.299 456.338 435.099 461.472 277.014 454.742 345.412 457.696 389.447 454.311 427.913 453.146 258.736 480.099 326.575 521.806 308.737 523.193 288.375 513.004 239.994 512.451 296.129 545.027 285.635 544.088 268.894 532.267 51.648 8.289 24.248 19.811 35.11 9.816 74.353 29.467 55.745 48.227 Left 883.517 537.111 826.528 500.61 757.202 507.168 705.758 537.283 670.176 561.571 741.561 480.554 673.386 492.111 633.14 499.086 599.919 506.399 752.765 507.535 673.148 523.653 625.462 533.967 588.323 543.744 769.347 540.221 694.855 579.266 682.886 596.944 682.801 605.619 789.492 574.88 737.519 602.225 740.598 603.027 752.595 595.885 41.331 17.079 47.5 9.818 36.159 18.158 35.047 19.036 49.618 31.449
3600 2 Right 174.262 520.813 223.405 492.647 288.647 495.422 335.122 522.878 369.152 546.415 292.068 459.636 354.656 468.348 393.335 471.986 425.473 476.173 280.198 473.679 347.493 458.234 389.208 444.123 423.779 433.802 263.299 497.335 338.493 527.749 325.423 535.15 304.248 529.969 245.952 529.297 303.079 553.769 294.813 555.245 277.11 546.626 46.771 12.044 28.425 12.691 27.327 19.164 71.46 28.482 55.561 42.664 Left 903.524 597.564 846.865 564.012 780.162 572.951 736.377 610.79 712.662 646.658 761.228 556.126 690.765 578.336 651.036 592.504 617.713 605.952 777.156 587.436 693.589 620.448 648.956 642.736 616.868 661.648 796.37 621.758 720.725 668.798 708.708 675.864 708.046 674.002 817.994 653.799 763.016 685.979 763.893 682.635 774.43 670.849 35.14 15.473 49.443 18.586 45.739 22.743 46.448 18.619 53.85 45.187
3700 2 Right 187.302 533.733 236.462 505.62 299.723 511.406 344.679 537.67 368.525 561.779 306.887 476.87 365.392 486.224 402.07 490.206 432.022 494.433 294.535 490.509 359.365 475.781 403.233 462.27 438.766 452.451 276.93 513.185 344.715 543.367 327.763 550.228 306.788 543.126 259.775 545.334 316.15 571.889 304.736 573.541 285.724 562.217 34.719 17.002 28.883 14.455 26.152 16.383 72.258 34.723 61.428 50.333 Left 917.489 688.065 859.968 652.591 797.495 659.649 751.758 683.802 727.905 712.422 779.612 675.142 712.604 712.818 672.242 737.085 639.636 759.098 794.472 703.876 731.007 748.49 696.71 775.51 672.089 796.054 815.017 730.706 761.222 769.339 735.03 788.644 718.048 801.468 839.186 753.654 800.635 783.865 786.398 798.618 776.98 808.136 31.724 13.238 57.272 29.912 28.825 24.087 31.541 19.433 41.543 19.245
3800 2 Right 194.897 541.378 243.05 511.241 304.574 517.442 349.225 544.197 372.426 568.085 307.261 483.116 368.362 489.227 404.901 489.87 434.917 488.915 295.879 499.242 364.846 487.117 408.73 476.536 444.229 468.264 280.803 522.826 349.248 554.217 334.321 559.529 313.998 552.046 265.698 553.242 320.375 578.729 310.333 578.857 292.407 568.004 45.028 9.532 27.918 14.194 28.804 18.513 71.72 30.457 52.671 47.392 Left 915.085 758.876 849.301 734.202 786.862 751.221 743.637 786.035 719.312 816.507 783.129 767.044 720.899 806.196 682.295 834.392 652.159 858.81 801.723 800.151 737.988 849.937 691.384 881.025 658.759 905.851 822.852 827.868 768.386 870.152 744.815 878.289 734.986 880.662 844.135 848.777 797.73 878.632 777.792 886.221 768.499 889.894 34.843 10.242 44.32 25.181 31.644 23.684 44.674 17.999 29.43 23.645
3900 1 Right 202.979 535.039 250.038 511.055 309.212 519.468 351.675 545.324 373.24 565.673 320.162 486.481 379.233 489.288 416.026 488.488 447.33 486.778 309.013 497.297 376.556 486.625 420.976 479.641 458.021 476.105 292.575 518.0 356.034 553.321 338.833 559.307 318.618 552.161 275.338 547.373 324.886 576.154 313.672 577.905 297.935 566.251 43.89 19.233 21.237 17.78 21.377 12.977 79.382 33.43 63.557 45.603
4000 1 Right 213.358 517.114 262.678 495.756 320.672 502.224 360.986 525.558 378.957 543.299 330.045 461.985 388.87 463.123 424.081 462.766 454.463 460.452 320.197 471.304 385.38 462.042 426.848 459.335 461.017 456.454 304.743 489.851 363.545 528.6 345.407 538.246 326.336 529.954 289.323 517.661 331.683 550.349 318.875 553.339 304.711 539.831 36.536 21.025 14.532 14.83 14.78 7.999 71.614 40.472 63.746 53.511
4100 1 Right 221.407 501.263 269.517 484.962 325.259 490.486 366.194 509.831 388.353 522.23 341.356 447.719 398.36 447.822 433.424 446.734 462.998 443.567 333.491 454.555 399.135 444.534 440.345 441.478 474.557 438.196 319.515 471.339 375.196 509.28 357.084 521.963 338.492 517.307 304.053 497.565 341.552 530.429 327.694 534.762 313.892 523.493 28.507 24.631 8.223 13.914 9.958 2.546 64.262 37.038 66.304 39.755
4200 1 Right 243.674 473.515 298.732 466.918 354.144 470.663 391.453 484.112 415.114 490.998 369.364 419.713 423.47 417.403 458.902 415.425 488.968 413.382 363.429 420.714 425.574 408.821 464.072 405.932 496.185 403.969 351.805 433.43 409.108 466.369 388.225 481.622 367.718 481.639 339.174 458.584 375.192 493.742 357.932 499.605 342.865 491.405 25.847 29.261 5.011 3.439 9.909 8.205 82.524 39.922 75.144 47.675
4300 1 Right 273.828 450.21 336.281 442.946 392.298 447.308 430.765 459.473 452.7 462.294 408.968 391.022 458.732 388.801 493.766 386.338 523.516 383.243 405.235 392.999 465.018 394.185 501.125 393.652 532.297 391.493 396.84 405.491 450.068 445.979 429.645 457.639 410.475 456.025 385.437 428.34 418.998 463.732 401.469 469.704 386.857 464.427 21.968 33.804 6.171 5.719 2.509 12.868 72.11 44.452 71.951 54.971
4400 1 Right 313.481 437.71 377.044 425.602 433.312 429.774 471.736 445.403 499.999 459.016 453.427 380.443 504.148 378.516 539.897 378.031 569.154 376.538 450.773 386.23 505.68 400.747 540.686 400.907 568.333 397.456 442.575 399.876 482.536 442.778 459.064 449.901 439.662 445.819 430.281 420.79 460.95 454.841 439.694 459.094 422.888 454.37 17.769 34.345 10.795 8.122 16.062 17.009 67.88 34.998 74.659 36.59
4500 1 Right 350.066 432.874 404.41 427.569 457.273 435.522 493.316 451.189 518.577 462.932 475.543 385.707 530.458 383.255 565.531 384.255 594.077 384.327 472.486 391.591 533.604 397.101 572.58 397.681 602.35 396.786 465.389 404.943 509.797 444.527 488.228 453.858 466.898 452.361 455.635 425.886 483.461 460.744 464.307 465.283 446.38 461.765 26.766 29.348 8.962 14.431 9.649 13.21 67.924 26.433 66.347 43.247
4600 1 Right 379.94 447.293 422.831 421.967 473.489 419.234 508.437 434.067 529.791 449.999 499.02 401.439 553.861 407.786 587.354 410.371 612.297 410.832 497.516 414.937 555.016 436.249 585.398 442.771 608.009 443.625 490.287 431.992 532.436 468.477 513.98 472.154 496.087 466.582 478.454 452.982 502.824 483.516 487.276 483.758 473.85 477.119 21.78 38.168 15.987 13.386 17.618 15.157 72.818 31.184 65.273 43.958
4700 1 Right 370.689 465.983 410.655 449.167 455.982 450.279 485.297 467.593 503.784 482.535 485.201 430.918 537.568 434.386 570.032 437.062 595.218 438.455 486.582 441.811 543.706 451.074 577.551 453.17 604.112 452.853 481.043 457.428 518.711 495.618 499.24 504.597 481.877 502.56 470.032 479.092 491.41 512.047 475.034 515.17 461.625 510.324 18.73 38.361 9.259 21.204 12.645 9.075 75.84 24.905 70.075 46.955
4800 1 Right 357.902 475.509 394.704 462.366 441.127 467.504 471.106 484.715 488.908 498.434 472.515 444.248 527.992 451.94 562.263 457.163 588.42 460.08 473.731 454.214 530.589 468.168 564.952 472.373 593.636 472.812 467.671 468.277 504.423 511.914 486.316 520.5 471.561 516.85 455.967 487.924 473.976 525.739 457.426 526.758 445.477 518.017 21.608 40.356 5.399 19.55 9.869 5.613 68.302 28.585 60.176 58.288
4900 1 Right 317.413 480.564 357.62 469.214 406.492 482.499 435.04 510.47 450.425 528.43 427.498 459.755 488.74 470.984 523.811 478.848 551.902 483.649 426.824 468.619 495.234 471.467 530.738 478.597 560.794 482.974 416.649 484.776 460.929 529.277 437.748 538.621 420.038 532.435 400.653 506.805 420.577 543.382 403.837 545.437 393.434 535.223 21.341 37.061 15.826 25.908 6.795 15.893 80.051 31.308 70.711 50.263
5000 1 Right 272.357 473.82 312.83 466.683 365.928 483.469 397.06 514.869 412.003 538.496 388.93 453.156 446.66 467.208 480.445 474.633 507.754 479.239 382.658 457.268 449.01 463.459 485.429 472.154 516.932 479.103 367.398 471.054 414.081 521.815 388.793 528.265 369.363 518.081 346.706 493.714 373.559 537.117 355.262 538.611 342.949 526.219 25.012 29.296 12.701 18.132 6.852 12.829 80.483 36.037 72.855 50.297
5100 1 Right 241.886 475.478 284.418 465.775 340.337 480.325 377.238 508.202 395.649 527.829 361.57 440.869 418.803 455.589 454.207 461.182 483.028 463.693 354.307 446.179 419.635 451.245 459.056 456.684 492.064 460.293 339.728 461.18 391.756 510.405 370.525 519.629 352.833 511.921 321.462 486.008 353.316 528.529 336.448 530.587 324.034 518.334 40.233 22.655 12.853 14.801 13.068 2.519 67.196 35.883 61.583 49.283
5200 1 Right 233.065 460.011 277.687 460.719 329.783 467.894 364.734 484.426 383.545 489.894 352.522 420.858 405.731 423.292 438.937 422.871 467.055 420.955 344.185 419.766 406.031 411.653 445.639 412.181 478.663 412.639 328.974 429.389 382.838 467.877 360.867 484.481 343.206 482.767 312.545 452.218 346.09 494.586 330.082 501.095 318.304 490.225 47.401 28.341 5.236 22.785 8.851 3.348 77.129 45.333 65.544 54.039
5300 1 Right 247.083 438.329 295.206 443.426 346.754 445.923 381.556 455.261 397.673 453.846 370.305 387.633 419.927 385.454 452.412 382.626 479.538 380.28 358.754 382.645 419.091 370.218 457.918 368.874 490.395 369.045 342.511 392.267 397.793 427.757 377.841 445.874 358.775 447.791 326.681 415.964 363.032 456.614 347.127 464.091 334.167 456.597 38.972 27.004 1.793 16.391 11.894 3.391 84.682 44.033 71.405 50.503
5400 1 Right 257.339 427.493 306.711 433.33 358.29 435.829 393.611 444.946 410.252 442.001 383.204 376.817 433.856 373.05 467.192 369.053 494.71 365.009 372.442 370.806 429.87 358.252 468.584 356.761 500.747 356.83 356.377 377.79 409.553 416.251 389.534 434.826 371.267 433.95 341.322 400.03 375.319 442.989 357.848 451.415 343.244 441.637 34.806 33.427 8.217 14.01 14.838 4.42 77.895 46.389 66.987 56.105
5500 1 Right 285.724 418.693 343.643 428.431 393.894 430.338 425.94 434.439 446.937 430.141 414.27 364.761 463.213 362.859 496.892 360.909 525.004 357.589 407.186 358.864 465.733 348.957 502.956 347.304 534.946 345.432 393.923 367.114 447.749 404.745 425.44 421.955 405.128 422.321 379.67 389.477 411.131 430.81 392.641 438.795 377.798 432.296 35.384 29.446 2.064 19.488 8.772 15.34 81.408 33.95 68.275 51.149
5600 1 Right 320.36 416.405 374.632 419.826 426.923 420.594 460.597 427.236 479.955 429.572 446.194 367.261 496.581 365.265 530.761 361.498 558.227 358.515 439.429 362.665 500.218 352.742 537.77 351.674 567.792 352.838 428.379 370.632 484.324 408.416 463.75 424.999 443.891 427.798 416.945 391.769 452.173 432.112 433.568 440.777 418.307 436.843 32.613 30.944 10.47 18.79 14.871 11.785 74.681 30.875 63.603 45.039
5700 1 Right 340.068 418.958 389.199 417.504 440.98 421.097 474.661 432.493 495.121 440.606 460.591 369.353 515.183 362.472 551.154 360.021 579.384 358.205 455.233 371.205 517.488 371.904 555.087 372.036 582.528 372.205 446.052 382.744 492.278 427.564 471.725 438.596 453.351 435.59 435.573 404.283 468.512 443.632 449.698 450.046 434.257 444.649 24.394 39.771 6.833 14.166 2.031 8.152 68.779 37.404 65.443 52.765
5800 1 Right 363.083 442.893 406.747 431.162 457.034 433.937 493.774 450.868 519.585 467.477 474.142 389.879 533.905 395.62 572.253 397.844 601.634 398.137 476.091 396.466 539.414 398.639 579.234 399.308 609.211 398.835 473.067 412.268 515.01 453.322 495.743 466.861 476.557 466.894 467.066 436.936 490.392 472.767 472.712 479.462 457.18 476.062 19.79 41.779 7.756 14.994 4.279 17.423 59.647 35.219 57.818 52.572
5900 1 Right 373.366 476.232 413.153 455.576 462.052 450.793 493.59 465.081 513.941 481.413 485.238 428.898 540.597 432.868 576.918 434.853 604.642 435.393 490.549 437.211 552.485 441.645 588.288 442.835 617.604 442.432 489.079 452.887 534.818 494.625 516.778 507.073 500.399 506.959 482.576 476.016 505.141 512.769 487.924 518.208 475.318 513.378 15.87 45.972 13.318 17.04 10.043 20.318 73.348 29.741 61.487 57.454
6000 1 Right 373.928 498.172 415.356 476.822 462.596 479.63 491.532 501.108 508.763 522.35 489.726 458.69 546.258 468.557 580.353 473.16 606.45 476.119 492.817 471.511 551.033 476.857 586.006 477.179 614.689 476.705 488.015 490.361 525.468 529.413 509.361 542.979 493.561 545.004 478.385 514.274 496.43 544.001 481.867 547.891 470.092 544.272 16.764 45.188 7.417 18.872 7.467 14.736 62.796 24.97 56.902 47.779
6100 1 Right 345.584 535.426 394.934 521.192 448.162 534.997 477.763 563.231 491.489 585.653 470.093 516.299 530.145 532.32 565.864 540.46 594.888 545.62 468.201 529.483 530.319 544.121 567.359 551.362 597.569 556.376 458.469 548.004 500.588 593.692 485.699 599.385 468.727 593.932 443.416 570.092 465.116 603.156 453.135 603.815 441.55 596.113 28.449 37.671 15.386 11.25 3.584 23.788 55.907 41.664 55.097 52.537
6200 1 Right 303.846 570.467 347.065 549.801 398.493 562.135 427.612 590.25 444.365 617.02 423.918 546.693 483.154 575.556 518.287 591.823 544.582 604.518 418.935 563.324 487.073 577.06 524.571 588.111 553.481 597.085 405.539 585.691 453.716 631.266 435.06 637.307 416.587 630.04 386.88 611.299 416.185 645.402 403.334 646.138 390.898 635.675 25.606 37.702 28.289 17.347 15.198 19.877 72.598 30.89 65.007 50.236
6300 1 Right 271.224 573.474 315.545 551.339 366.749 561.469 397.559 588.387 412.802 613.854 392.9 544.952 448.395 575.51 482.176 595.666 508.584 612.57 386.64 564.373 456.045 578.221 495.647 588.696 528.124 597.137 371.486 589.715 424.979 632.732 406.577 634.82 386.768 624.58 350.525 617.321 384.372 648.563 370.905 645.201 357.012 633.196 38.38 33.342 32.138 13.121 27.684 15.308 63.342 31.735 51.888 47.007
6400 1 Right 236.859 559.888 282.685 537.455 334.634 546.826 366.206 573.684 384.637 599.301 358.636 530.444 416.911 558.982 453.546 574.694 481.913 587.977 350.108 546.348 422.624 560.999 464.093 569.732 496.359 577.81 333.981 570.046 389.441 617.007 371.247 616.237 350.693 604.724 311.71 598.524 352.779 634.734 339.318 630.088 323.484 616.948 35.406 23.694 30.959 12.421 28.673 9.878 79.205 27.056 63.451 43.675
