7
600 2 Left 184.938 575.169 237.419 530.621 298.926 507.514 349.799 510.122 370.185 519.914 280.979 449.142 350.563 471.429 339.745 495.781 320.803 496.781 269.488 474.975 343.683 507.663 326.505 523.748 308.097 515.682 260.759 510.35 329.623 545.915 309.513 553.688 291.048 542.243 253.31 548.804 309.45 573.084 293.133 575.007 272.843 565.181 32.835 23.043 78.382 49.044 91.134 60.696 82.766 34.293 83.046 39.233 Right 926.405 553.993 871.231 515.66 805.512 496.195 753.197 506.231 714.811 516.908 797.481 429.597 730.983 464.642 746.733 485.17 766.735 480.013 811.118 451.874 739.034 499.243 760.324 514.515 780.649 505.265 824.228 484.399 760.178 535.338 784.195 541.665 803.2 525.749 837.591 521.03 785.222 561.715 805.199 563.484 823.684 547.155 38.232 2.548 82.212 54.393 90.812 56.333 87.885 28.768 72.393 57.624
1200 2 Left 213.613 488.727 267.02 458.629 327.305 442.361 380.559 454.348 420.428 470.141 316.458 382.754 388.257 380.09 400.464 415.391 389.079 434.64 302.377 402.137 378.841 421.793 370.214 450.481 351.131 453.155 290.088 433.98 357.149 475.359 339.586 487.504 318.035 476.602 281.19 471.403 332.31 504.597 318.877 510.695 299.937 499.939 37.053 2.72 67.553 48.974 91.837 47.0 76.674 42.332 70.468 47.487 Right 896.027 485.522 847.914 455.014 780.131 445.796 726.717 464.437 686.206 480.258 773.207 388.564 700.464 393.211 684.719 429.526 691.256 453.058 784.709 408.392 704.099 433.041 698.234 467.28 709.11 482.078 795.834 438.503 735.772 486.786 753.943 499.805 774.846 491.026 806.949 471.547 763.19 510.196 780.317 517.434 798.659 505.858 42.41 12.365 71.631 36.26 68.692 42.459 66.863 37.176 65.428 47.402
1600 2 Left 211.498 499.703 266.546 465.274 334.458 472.161 384.547 504.387 417.715 529.647 346.74 432.04 416.025 429.698 456.819 420.589 490.191 410.403 334.059 461.201 404.017 487.823 445.658 495.804 481.008 500.723 317.736 493.76 374.682 537.734 354.654 531.342 333.86 519.114 299.565 525.975 346.207 556.584 332.248 549.727 315.105 539.294 43.287 13.612 31.467 20.893 31.471 7.11 55.707 19.228 64.825 32.828 Right 904.368 490.838 851.035 461.098 780.872 471.214 730.332 510.734 698.605 538.709 757.393 435.579 690.198 427.602 648.793 411.974 617.543 397.913 758.737 460.537 681.295 480.495 632.368 485.194 594.5 487.528 769.822 490.746 729.153 537.533 751.935 536.858 771.524 527.613 785.621 523.064 759.102 555.068 779.996 552.599 795.606 541.928 34.587 33.159 23.438 5.453 25.334 12.035 59.46 27.792 46.802 45.206
2500 2 Left 223.244 541.82 294.026 516.916 349.082 500.674 395.266 504.353 438.092 508.642 322.936 434.776 367.592 424.548 403.359 428.217 430.89 431.898 296.12 445.824 357.773 456.815 371.395 495.212 368.929 516.979 270.782 471.161 332.835 499.651 340.972 530.028 330.847 536.97 247.471 502.3 301.229 527.506 310.967 545.129 301.454 543.238 27.369 6.173 19.647 34.753 90.958 30.698 77.988 38.958 48.252 64.323 Right 940.841 636.499 875.217 606.65 808.006 625.186 766.828 665.627 746.454 701.9 788.312 623.254 721.658 659.067 683.203 682.307 652.051 704.5 807.193 653.516 739.006 702.748 700.446 733.526 673.247 759.392 830.951 683.696 775.778 733.074 766.716 739.366 767.012 739.193 858.261 710.785 818.286 742.243 813.73 743.767 817.157 739.939 38.118 15.806 54.239 15.962 43.678 18.542 45.541 10.243 55.19 33.096
2800 1 Left 323.601 479.486 370.016 460.946 410.283 437.008 443.877 432.349 471.279 444.746 388.733 368.602 395.124 335.287 400.174 310.008 404.599 287.611 355.718 357.098 377.732 378.855 380.476 414.951 374.91 427.849 324.885 364.446 349.977 403.377 351.89 429.439 344.895 432.015 297.183 381.145 318.485 415.701 323.539 435.738 317.683 435.909 14.481 4.859 10.972 31.785 86.717 66.465 78.934 54.664 69.881 71.328
2900 1 Left 343.955 441.256 388.541 422.167 425.959 401.299 456.619 395.595 482.001 402.745 416.756 332.101 425.016 296.509 430.691 268.312 434.918 242.212 386.461 317.878 405.493 343.185 403.563 376.786 396.297 385.194 356.972 321.162 377.024 362.229 377.169 387.392 372.46 388.143 329.309 334.125 346.399 370.236 350.557 391.175 347.13 392.23 13.634 3.274 8.726 20.576 75.39 74.043 74.449 57.537 62.596 78.397
5900 1 Left 410.889 368.109 443.68 362.188 476.817 342.126 504.854 330.259 532.309 336.219 475.73 276.289 496.488 250.479 510.355 228.205 520.189 208.087 450.747 264.541 477.948 283.843 469.043 321.919 456.815 329.931 425.031 267.066 450.613 299.9 442.161 330.079 430.661 331.752 398.56 277.107 420.495 302.007 418.569 325.537 409.699 327.194 15.07 5.809 9.304 21.012 91.409 64.283 80.922 57.026 80.279 65.472
54
600 2 Left 184.938 575.169 237.419 530.621 298.926 507.514 349.799 510.122 370.185 519.914 280.979 449.142 350.563 471.429 339.745 495.781 320.803 496.781 269.488 474.975 343.683 507.663 326.505 523.748 308.097 515.682 260.759 510.35 329.623 545.915 309.513 553.688 291.048 542.243 253.31 548.804 309.45 573.084 293.133 575.007 272.843 565.181 32.835 23.043 78.382 49.044 91.134 60.696 82.766 34.293 83.046 39.233 Right 926.405 553.993 871.231 515.66 805.512 496.195 753.197 506.231 714.811 516.908 797.481 429.597 730.983 464.642 746.733 485.17 766.735 480.013 811.118 451.874 739.034 499.243 760.324 514.515 780.649 505.265 824.228 484.399 760.178 535.338 784.195 541.665 803.2 525.749 837.591 521.03 785.222 561.715 805.199 563.484 823.684 547.155 38.232 2.548 82.212 54.393 90.812 56.333 87.885 28.768 72.393 57.624
700 2 Left 203.021 542.785 254.875 500.897 312.341 478.749 363.301 479.782 386.675 487.148 299.144 415.877 371.543 432.249 361.632 462.048 341.863 465.44 286.641 439.538 362.296 469.097 345.081 490.652 325.226 484.579 276.611 472.92 346.576 507.308 326.955 517.822 307.717 506.712 269.207 510.413 324.92 532.709 310.518 537.788 291.619 529.01 40.301 17.55 78.532 43.435 92.913 44.448 75.134 48.948 72.612 46.13 Right 913.917 514.493 865.968 477.93 800.63 458.133 745.613 468.204 708.392 476.727 790.409 395.04 718.399 426.669 731.377 451.39 751.373 448.469 802.964 415.785 729.442 465.78 751.776 481.641 772.342 471.473 815.057 446.264 750.26 497.87 774.674 506.567 793.722 492.401 826.887 480.333 774.965 522.466 795.672 527.93 814.087 514.821 42.208 15.019 91.278 36.894 88.189 53.036 82.489 36.081 65.621 53.306
800 2 Left 211.792 525.464 259.999 489.744 317.508 469.726 369.608 469.75 392.71 472.412 306.15 404.109 375.733 416.959 364.868 446.872 344.072 450.048 292.032 428.095 368.247 454.967 350.391 475.078 329.057 467.336 280.527 461.029 349.202 495.038 329.597 505.193 310.202 493.829 271.858 497.39 327.119 520.846 312.451 525.635 293.908 516.82 31.069 21.627 83.221 44.749 100.38 48.05 81.851 24.084 74.57 40.538 Right 906.192 508.03 858.014 474.269 792.993 454.59 739.618 461.607 702.307 467.012 787.619 386.812 716.583 414.849 728.123 441.935 747.516 441.309 800.748 406.405 725.798 453.038 746.582 472.267 767.496 463.37 812.602 435.741 748.519 486.597 771.924 496.654 791.09 482.634 824.143 469.016 776.071 510.002 795.892 516.417 814.13 503.53 33.808 14.292 88.566 37.36 92.519 56.285 75.076 45.843 68.628 52.572
900 2 Left 217.784 510.547 265.442 478.049 319.015 456.24 369.144 454.568 393.838 455.295 307.193 385.643 375.652 397.263 364.659 427.807 345.549 431.396 293.496 407.593 368.045 434.53 349.554 456.452 330.37 449.727 282.291 439.416 349.253 474.92 329.01 487.519 311.315 477.007 273.625 475.292 327.514 500.642 312.385 507.48 295.03 499.591 35.279 19.994 81.823 46.999 103.348 50.767 83.357 30.97 77.974 38.664 Right 905.904 493.866 857.624 460.988 792.601 442.445 737.523 450.186 700.264 456.496 784.426 374.789 713.208 406.732 726.861 433.425 747.246 431.804 797.464 394.272 723.838 444.365 745.817 463.12 766.675 453.816 809.444 423.683 746.058 476.139 770.462 485.817 790.164 471.819 820.902 456.839 773.221 498.202 793.469 504.912 811.901 492.836 36.283 16.136 85.182 41.636 86.796 59.35 76.744 44.002 66.581 54.765
1000 2 Left 214.544 500.027 260.369 465.131 315.676 442.719 366.697 441.215 391.948 446.403 306.401 376.687 373.952 386.592 363.312 416.845 344.327 420.261 293.889 398.769 367.465 424.473 349.646 446.591 331.938 439.752 283.917 430.204 351.181 465.501 331.164 477.631 313.588 467.225 276.166 465.467 331.68 491.505 315.892 497.704 297.482 490.112 37.024 14.063 82.045 43.066 100.199 47.263 80.197 29.261 77.051 41.958 Right 900.985 490.274 855.925 451.446 790.955 434.382 735.69 446.764 698.101 456.31 780.398 371.469 710.205 404.907 722.693 430.697 743.309 428.921 793.038 393.871 719.627 444.086 741.45 462.06 762.591 452.149 804.385 425.443 739.992 476.383 764.958 485.284 785.198 470.919 815.422 460.037 763.825 500.683 783.883 505.943 803.162 493.122 43.457 10.673 82.365 48.167 84.311 58.74 78.815 46.464 73.371 54.488
1100 2 Left 214.357 496.639 260.7 460.635 318.218 438.464 370.234 438.39 394.143 445.355 307.06 373.389 377.159 385.746 365.607 414.6 345.351 416.561 293.318 396.465 369.694 422.175 352.083 444.252 333.83 437.675 282.365 428.622 351.074 464.066 331.841 475.709 313.753 464.362 274.395 464.869 331.057 491.285 316.399 497.098 298.14 488.12 40.265 14.71 79.536 43.443 96.119 45.558 77.233 30.638 71.803 49.724 Right 898.982 491.453 852.833 456.338 787.645 439.961 733.513 451.973 695.657 461.666 778.608 374.698 708.022 404.947 719.024 431.89 739.031 431.506 790.524 396.132 716.29 442.964 736.983 463.43 758.128 455.327 800.984 427.278 737.838 478.035 762.173 489.057 782.036 475.592 811.011 461.841 762.013 502.957 782.225 508.796 801.27 495.658 41.9 10.095 83.935 46.133 85.586 59.942 75.392 48.453 70.091 58.441
1200 2 Left 213.613 488.727 267.02 458.629 327.305 442.361 380.559 454.348 420.428 470.141 316.458 382.754 388.257 380.09 400.464 415.391 389.079 434.64 302.377 402.137 378.841 421.793 370.214 450.481 351.131 453.155 290.088 433.98 357.149 475.359 339.586 487.504 318.035 476.602 281.19 471.403 332.31 504.597 318.877 510.695 299.937 499.939 37.053 2.72 67.553 48.974 91.837 47.0 76.674 42.332 70.468 47.487 Right 896.027 485.522 847.914 455.014 780.131 445.796 726.717 464.437 686.206 480.258 773.207 388.564 700.464 393.211 684.719 429.526 691.256 453.058 784.709 408.392 704.099 433.041 698.234 467.28 709.11 482.078 795.834 438.503 735.772 486.786 753.943 499.805 774.846 491.026 806.949 471.547 763.19 510.196 780.317 517.434 798.659 505.858 42.41 12.365 71.631 36.26 68.692 42.459 66.863 37.176 65.428 47.402
1300 2 Left 203.824 493.316 257.954 459.6 324.457 455.484 376.449 483.309 414.1 504.96 330.701 408.31 401.717 411.283 444.468 410.188 479.717 409.113 316.749 432.725 393.235 450.642 438.696 464.003 477.839 473.18 301.431 465.433 362.566 506.912 342.265 508.476 320.716 499.254 285.529 500.895 334.292 533.181 321.896 531.979 305.035 521.501 36.762 7.703 20.714 28.469 30.403 17.807 64.321 33.54 64.686 27.68 Right 907.984 484.03 850.814 459.059 779.507 463.606 727.383 496.3 691.782 520.835 764.15 414.334 694.182 409.738 653.311 407.661 617.656 409.455 774.659 434.572 693.251 453.06 646.204 471.095 609.611 488.411 789.824 463.725 732.655 517.551 755.552 518.664 777.819 507.465 806.473 496.018 764.152 537.285 783.091 537.446 802.91 524.006 37.866 26.333 30.879 21.198 39.932 12.674 56.053 39.346 44.782 53.983
1400 2 Left 205.389 493.981 263.617 463.579 330.077 466.018 378.48 497.142 411.382 519.676 337.323 418.131 406.727 421.408 448.436 417.805 482.742 412.577 323.213 444.082 394.617 466.131 438.836 476.292 477.493 482.083 306.169 476.269 365.192 520.848 346.462 519.693 326.479 507.938 287.858 510.188 337.178 544.699 325.175 541.394 309.067 529.796 46.776 10.033 21.53 8.024 36.305 8.455 60.73 30.19 63.261 42.527 Right 909.694 489.129 856.14 456.259 785.976 462.134 733.241 497.402 698.099 525.367 764.239 424.295 692.972 418.967 651.717 408.593 617.4 401.817 768.993 449.155 688.162 468.221 638.144 477.852 598.569 487.057 781.627 479.993 731.576 526.973 754.815 525.22 776.128 514.576 797.704 513.376 761.799 547.507 781.617 544.445 800.331 531.295 39.365 21.014 30.079 12.04 32.551 7.986 48.94 31.08 43.885 42.436
1500 2 Left 210.352 495.605 267.523 463.888 335.471 471.492 383.11 506.28 413.725 531.635 346.677 428.828 416.107 430.753 457.968 424.182 492.005 416.652 332.709 457.428 403.174 483.113 444.265 492.224 479.725 498.183 314.803 490.476 371.886 535.186 351.317 531.007 330.851 518.737 294.391 523.667 342.705 555.601 329.955 550.808 313.959 540.07 55.822 8.966 23.514 12.767 44.255 7.653 59.77 28.472 60.142 38.486 Right 905.808 490.129 851.983 460.096 782.235 467.905 733.599 506.148 704.609 535.528 757.5 436.883 688.344 430.023 649.177 415.191 617.886 402.404 761.107 462.102 683.48 482.109 635.207 487.177 596.747 491.342 774.202 491.836 729.478 536.997 751.87 533.956 771.834 524.634 792.139 522.92 760.429 555.327 779.512 550.545 796.536 538.789 40.453 22.373 28.843 12.445 23.103 8.02 57.455 22.838 48.07 37.16
1600 2 Left 211.498 499.703 266.546 465.274 334.458 472.161 384.547 504.387 417.715 529.647 346.74 432.04 416.025 429.698 456.819 420.589 490.191 410.403 334.059 461.201 404.017 487.823 445.658 495.804 481.008 500.723 317.736 493.76 374.682 537.734 354.654 531.342 333.86 519.114 299.565 525.975 346.207 556.584 332.248 549.727 315.105 539.294 43.287 13.612 31.467 20.893 31.471 7.11 55.707 19.228 64.825 32.828 Right 904.368 490.838 851.035 461.098 780.872 471.214 730.332 510.734 698.605 538.709 757.393 435.579 690.198 427.602 648.793 411.974 617.543 397.913 758.737 460.537 681.295 480.495 632.368 485.194 594.5 487.528 769.822 490.746 729.153 537.533 751.935 536.858 771.524 527.613 785.621 523.064 759.102 555.068 779.996 552.599 795.606 541.928 34.587 33.159 23.438 5.453 25.334 12.035 59.46 27.792 46.802 45.206
1700 2 Left 211.159 499.245 265.844 465.958 332.817 471.001 381.592 503.055 415.027 528.419 347.1 430.159 416.706 428.374 457.035 418.502 489.558 406.622 334.654 458.36 403.793 484.954 445.382 493.492 480.916 498.905 318.836 490.206 373.491 535.379 353.182 530.337 333.026 518.536 301.27 522.373 346.286 554.769 331.942 548.062 314.884 536.833 44.692 11.872 30.347 16.3 27.977 5.966 54.849 18.69 61.166 37.278 Right 905.817 488.159 850.929 459.349 781.601 470.12 731.909 509.819 699.351 536.804 759.906 434.754 692.586 426.228 650.945 410.909 619.082 397.607 762.454 459.424 684.691 479.202 634.323 484.433 595.533 487.98 774.289 489.629 731.762 536.783 753.91 535.745 773.771 526.842 790.384 521.819 761.267 553.643 781.039 550.484 796.88 539.473 30.75 32.675 22.538 8.807 27.63 10.504 57.047 29.83 45.737 45.001
1800 2 Left 211.881 498.215 266.358 464.85 333.422 469.428 381.569 501.898 413.702 527.053 346.58 428.541 416.985 425.685 458.074 416.282 490.829 405.815 334.682 457.395 403.857 483.213 445.661 490.999 481.078 496.054 319.222 489.114 373.975 533.611 353.957 528.528 333.985 516.511 301.903 520.906 347.125 553.445 332.882 547.275 315.863 535.994 45.352 14.662 31.05 15.214 28.0 5.231 53.8 20.735 61.8 37.295 Right 907.888 488.313 853.607 459.373 783.052 470.47 733.465 510.466 701.595 538.205 762.509 435.44 694.613 426.909 652.722 412.121 619.966 399.234 765.101 460.601 687.503 479.479 637.287 484.501 597.613 487.981 776.835 490.785 733.703 537.286 756.167 536.308 776.254 527.651 793.043 522.806 762.852 554.423 783.203 551.241 799.739 540.335 29.755 32.431 24.325 8.605 26.782 9.502 56.398 28.89 45.513 44.202
1900 2 Left 209.716 497.979 264.932 463.172 332.71 468.273 381.005 501.233 412.38 527.235 346.017 428.773 415.202 426.453 456.106 417.11 489.235 406.353 333.563 457.88 402.345 484.556 444.202 492.598 480.068 497.275 317.768 490.124 373.722 533.437 353.982 527.372 333.517 515.41 300.072 522.182 345.59 554.086 331.237 547.075 314.141 536.249 50.209 10.935 30.138 14.638 26.279 8.646 52.813 21.127 58.447 42.14 Right 910.162 487.766 855.259 459.666 785.318 471.074 736.586 510.907 704.746 539.207 764.276 436.329 696.628 428.474 654.749 414.033 621.998 401.401 766.751 461.222 689.699 480.682 639.331 485.76 599.273 489.261 778.565 491.165 737.402 537.916 760.013 536.37 779.808 527.295 795.026 522.816 766.207 554.514 786.525 551.096 802.799 540.184 30.294 32.455 23.071 9.875 26.268 8.09 56.654 28.14 46.085 44.788
2000 2 Left 208.487 500.313 263.439 465.282 331.338 470.621 380.175 502.908 411.408 528.791 343.22 430.11 413.427 428.297 454.736 419.463 488.088 409.149 331.339 459.699 401.312 485.972 443.517 494.227 479.313 498.931 315.843 492.537 372.472 535.488 352.571 529.746 331.986 517.763 298.363 524.947 344.401 555.867 330.354 549.044 313.275 538.402 48.2 11.523 32.082 14.072 23.595 10.487 52.482 21.638 58.252 42.911 Right 911.105 487.522 855.14 460.138 785.59 471.844 737.29 510.462 704.136 537.264 764.684 435.27 697.485 428.438 655.866 414.676 623.76 402.409 767.204 459.017 689.782 479.426 639.958 485.882 600.313 489.689 779.167 488.543 739.282 536.654 761.778 536.47 780.882 526.987 795.44 520.454 767.558 553.67 787.911 551.337 803.251 540.334 30.086 31.973 21.387 6.085 25.629 9.452 61.943 27.578 48.997 46.562
2100 2 Left 209.954 501.606 264.8 466.929 332.767 472.632 381.744 505.062 411.839 530.499 343.718 431.515 414.821 428.297 456.072 419.111 489.391 408.872 331.0 460.767 402.605 484.738 445.568 491.427 482.18 495.569 314.817 493.464 373.099 536.564 352.907 530.172 332.151 517.41 296.858 525.798 343.764 556.702 330.07 549.508 312.75 538.122 44.084 16.559 30.963 15.867 28.713 7.708 57.5 19.946 63.881 36.345 Right 912.78 490.906 858.414 461.958 787.426 472.231 738.054 509.807 704.274 537.208 767.212 435.552 699.784 428.901 657.961 416.642 624.586 406.181 769.981 459.569 691.184 478.858 640.749 485.677 599.531 491.21 781.88 488.685 739.494 537.147 762.856 536.448 782.597 527.305 798.359 520.23 768.137 554.146 788.8 552.114 804.866 541.221 30.105 30.938 23.929 8.528 26.184 6.619 59.608 29.353 48.966 42.405
2200 2 Left 208.931 506.472 264.264 473.798 331.967 475.402 384.163 503.974 421.897 526.612 338.083 429.821 409.175 427.358 450.674 419.329 484.606 410.502 326.204 456.749 403.095 479.369 451.149 493.417 490.173 505.669 311.629 489.029 376.55 533.75 356.866 531.261 335.165 521.164 296.506 522.413 348.445 554.276 336.055 549.964 319.104 539.442 40.583 9.043 30.803 18.234 23.802 11.624 59.165 23.494 61.845 36.361 Right 913.839 504.032 861.135 466.838 789.628 470.269 735.69 501.195 701.579 526.917 773.285 439.349 699.314 446.706 656.522 447.33 620.861 449.981 779.08 467.361 697.432 488.917 649.821 502.158 611.958 515.371 792.404 500.258 727.07 539.763 749.578 538.133 772.635 530.823 809.921 534.113 765.607 561.715 783.305 558.6 802.035 548.956 38.881 15.203 34.507 2.259 31.124 10.049 60.036 21.917 53.263 33.583
2300 2 Left 213.215 513.625 270.002 478.787 335.401 472.865 385.171 494.061 421.117 512.18 330.867 425.902 402.087 428.765 444.688 434.636 477.602 441.461 314.201 450.651 391.75 466.552 433.391 492.982 459.558 515.776 297.281 484.61 372.715 520.141 375.454 536.275 363.299 539.027 281.118 520.407 339.751 547.826 342.451 552.453 333.313 546.522 53.907 11.786 46.039 26.55 53.238 22.754 43.285 25.512 45.395 41.897 Right 922.225 541.264 870.431 501.709 807.127 497.237 759.644 515.827 728.798 538.938 782.744 476.099 707.953 488.485 665.214 499.413 631.468 509.883 790.572 504.699 710.15 536.087 669.094 560.829 639.195 579.469 803.472 538.488 731.615 583.588 749.061 586.286 770.966 578.15 819.336 572.857 775.192 607.474 788.858 603.945 805.815 589.978 51.706 10.358 48.441 17.157 44.038 15.666 48.703 35.018 53.256 44.399
2400 2 Left 215.482 517.849 269.385 481.307 328.102 469.79 372.197 487.262 402.439 508.477 329.786 427.967 397.132 433.289 435.682 444.102 465.601 455.249 311.045 450.499 385.142 464.47 422.128 489.973 445.113 512.45 292.322 482.673 364.207 515.24 373.458 533.872 367.194 540.175 275.027 518.942 333.641 545.893 341.482 553.36 336.601 549.597 54.503 8.885 50.749 22.142 59.407 23.066 41.308 28.176 41.748 42.592 Right 928.388 569.88 873.866 531.675 811.093 532.914 765.374 555.892 736.135 581.411 786.543 514.726 713.849 530.722 672.91 543.797 641.897 556.15 795.517 544.212 715.444 579.858 675.244 607.009 648.158 627.221 810.338 578.251 738.171 625.318 750.772 628.853 770.549 621.601 828.649 611.68 786.401 647.376 797.233 643.173 812.692 628.437 62.123 2.153 59.335 19.272 46.531 18.998 40.341 37.251 52.582 45.383
2500 2 Left 223.244 541.82 294.026 516.916 349.082 500.674 395.266 504.353 438.092 508.642 322.936 434.776 367.592 424.548 403.359 428.217 430.89 431.898 296.12 445.824 357.773 456.815 371.395 495.212 368.929 516.979 270.782 471.161 332.835 499.651 340.972 530.028 330.847 536.97 247.471 502.3 301.229 527.506 310.967 545.129 301.454 543.238 27.369 6.173 19.647 34.753 90.958 30.698 77.988 38.958 48.252 64.323 Right 940.841 636.499 875.217 606.65 808.006 625.186 766.828 665.627 746.454 701.9 788.312 623.254 721.658 659.067 683.203 682.307 652.051 704.5 807.193 653.516 739.006 702.748 700.446 733.526 673.247 759.392 830.951 683.696 775.778 733.074 766.716 739.366 767.012 739.193 858.261 710.785 818.286 742.243 813.73 743.767 817.157 739.939 38.118 15.806 54.239 15.962 43.678 18.542 45.541 10.243 55.19 33.096
2600 1 Left 272.542 529.16 330.377 512.19 375.618 490.685 414.142 485.986 447.913 488.958 344.797 418.173 358.385 388.718 373.598 375.498 385.253 364.196 310.899 411.766 343.068 422.826 346.538 460.177 339.027 475.605 279.748 423.894 312.8 459.163 320.275 486.602 314.363 490.461 253.594 445.596 281.418 477.548 291.299 495.547 286.229 494.448 13.496 6.545 22.107 27.935 86.226 60.42 78.32 52.811 58.098 74.458
2700 2 Left 302.766 510.445 349.019 495.666 390.199 472.11 424.464 466.645 455.153 469.464 358.589 401.639 369.082 371.859 378.313 354.316 386.563 338.343 325.08 395.322 353.186 414.119 354.298 451.779 345.128 465.281 293.293 408.059 324.124 444.921 326.625 471.841 318.017 472.766 265.65 429.751 291.428 460.598 300.45 479.72 296.009 479.209 15.047 8.782 8.957 27.68 89.88 62.6 83.522 53.164 74.774 61.853 Right 915.214 859.813 860.345 844.821 803.938 868.993 766.14 903.116 739.911 926.939 805.336 882.703 753.863 926.518 722.558 958.024 699.244 984.485 833.928 912.912 786.75 970.274 756.755 1001.928 735.122 1023.097 862.83 938.698 820.755 993.775 794.547 1017.827 775.164 1031.921 889.238 957.173 852.649 995.519 830.816 1015.006 813.579 1026.916 28.958 9.109 55.832 22.141 35.131 31.702 28.783 20.721 24.916 6.213
2800 1 Left 323.601 479.486 370.016 460.946 410.283 437.008 443.877 432.349 471.279 444.746 388.733 368.602 395.124 335.287 400.174 310.008 404.599 287.611 355.718 357.098 377.732 378.855 380.476 414.951 374.91 427.849 324.885 364.446 349.977 403.377 351.89 429.439 344.895 432.015 297.183 381.145 318.485 415.701 323.539 435.738 317.683 435.909 14.481 4.859 10.972 31.785 86.717 66.465 78.934 54.664 69.881 71.328
2900 1 Left 343.955 441.256 388.541 422.167 425.959 401.299 456.619 395.595 482.001 402.745 416.756 332.101 425.016 296.509 430.691 268.312 434.918 242.212 386.461 317.878 405.493 343.185 403.563 376.786 396.297 385.194 356.972 321.162 377.024 362.229 377.169 387.392 372.46 388.143 329.309 334.125 346.399 370.236 350.557 391.175 347.13 392.23 13.634 3.274 8.726 20.576 75.39 74.043 74.449 57.537 62.596 78.397
3000 1 Left 357.596 410.229 402.002 397.661 439.551 378.323 469.552 375.707 495.724 384.123 434.247 310.797 442.835 270.945 448.213 243.398 452.503 218.717 405.025 297.729 421.36 322.13 417.25 356.697 410.5 364.51 375.569 300.796 391.347 340.729 388.878 367.151 382.768 367.606 347.627 311.527 362.096 345.405 364.438 367.588 359.557 368.42 14.494 4.271 5.953 27.284 83.658 66.462 73.298 60.336 71.947 79.373
3100 1 Left 376.645 382.49 422.641 373.492 463.567 353.545 494.518 351.421 518.564 368.778 459.442 286.162 468.348 249.486 471.601 222.453 473.791 196.98 430.904 272.276 444.776 297.169 441.481 330.426 435.829 339.971 400.633 273.699 415.34 315.103 411.809 341.868 405.472 344.422 371.199 282.616 386.706 316.416 388.129 338.709 383.371 340.909 16.893 7.625 9.771 28.825 79.289 67.505 74.007 57.707 70.901 67.769
3200 1 Left 397.239 367.45 437.558 361.486 475.51 342.677 505.994 341.706 531.594 356.626 472.482 276.007 482.024 236.927 486.687 210.614 489.285 186.65 444.084 263.342 462.512 287.729 455.899 323.657 446.786 331.748 415.134 265.111 433.285 304.03 427.867 331.79 418.93 332.975 387.427 273.868 405.145 305.545 405.202 328.129 397.46 329.736 10.548 6.987 4.629 26.372 81.445 73.243 76.573 58.317 69.294 69.897
3300 1 Left 403.89 364.773 442.821 358.866 480.708 341.019 511.957 340.943 535.213 357.132 476.594 275.544 486.619 236.917 493.221 210.002 498.166 186.77 448.638 263.036 466.041 288.318 460.793 322.296 453.183 332.77 419.925 265.155 437.068 304.981 432.433 331.112 425.135 334.694 392.609 273.862 408.615 305.597 409.162 327.006 403.689 329.79 18.075 5.321 9.41 32.451 80.03 71.414 76.884 57.939 71.07 61.779
3400 1 Left 407.715 361.984 446.286 356.327 483.7 339.009 514.484 337.542 536.906 352.814 479.608 274.135 490.53 237.174 497.178 210.666 501.775 186.854 452.048 261.391 470.155 287.33 463.911 321.466 455.409 331.214 423.627 263.084 441.233 302.697 436.505 329.469 429.367 333.314 396.35 271.214 413.077 302.807 413.804 325.075 408.845 328.766 21.175 5.027 10.905 33.286 80.708 70.927 75.199 58.262 68.876 65.004
3500 1 Left 409.389 361.873 446.641 356.744 483.511 339.179 513.656 336.269 536.078 350.817 479.726 274.055 491.702 237.601 498.925 211.223 503.707 187.513 452.417 261.681 471.832 285.718 465.305 319.744 456.122 329.107 424.33 263.085 442.64 300.593 437.668 328.145 430.03 332.01 397.206 270.849 414.659 300.147 414.939 323.18 409.172 327.282 21.584 8.86 12.656 35.192 82.356 70.576 76.119 60.714 68.555 69.266
3600 1 Left 408.497 361.715 446.153 356.046 482.95 338.536 513.394 336.113 536.437 351.109 479.632 274.403 491.839 239.304 498.73 213.496 503.017 190.152 452.161 261.494 471.729 284.53 464.735 318.879 455.003 328.21 423.963 262.621 442.632 299.803 436.935 327.198 428.676 330.245 396.536 270.283 414.27 300.245 414.236 322.697 408.071 325.334 21.131 9.884 15.744 37.666 84.611 69.025 78.174 60.701 71.338 68.736
3700 1 Left 404.893 362.355 440.409 356.847 475.688 338.073 504.208 329.828 530.149 342.208 477.471 272.168 493.67 243.17 502.355 221.128 508.255 200.871 450.735 259.087 471.27 278.927 464.288 313.212 454.77 322.488 423.057 259.598 442.431 293.78 435.863 322.656 427.956 326.213 395.386 266.876 412.777 295.269 413.097 318.422 408.699 321.471 17.983 10.315 14.836 31.76 86.108 66.906 78.922 59.196 69.355 68.098
3800 1 Left 400.161 362.796 438.985 353.156 471.962 329.8 497.209 314.322 525.346 317.01 470.324 264.562 484.792 249.086 497.275 253.321 507.015 262.086 445.192 252.916 468.329 274.658 458.664 308.805 448.117 316.164 418.462 253.899 439.14 286.828 430.953 317.443 423.007 320.664 391.371 261.142 409.519 287.268 409.204 312.378 404.887 316.794 10.014 2.172 15.696 23.922 83.027 69.173 78.417 55.574 72.299 67.141
3900 1 Left 402.244 360.511 438.08 349.81 465.733 326.62 482.959 306.82 505.814 296.906 465.887 262.894 491.452 253.53 502.53 274.434 503.02 295.072 440.981 251.996 466.671 267.84 456.872 304.763 442.766 313.262 414.663 253.094 437.486 277.515 428.74 311.404 417.361 315.405 387.366 260.849 408.029 277.816 408.054 305.976 401.965 312.14 20.979 2.152 37.953 29.045 82.513 78.512 78.952 63.234 64.565 78.489
4000 1 Left 402.661 359.176 438.331 349.892 465.772 325.77 484.39 305.584 507.115 296.319 469.703 262.66 494.09 255.886 506.446 275.581 510.001 296.103 443.312 251.292 466.814 266.97 455.931 304.921 443.199 311.526 416.042 252.494 437.242 276.355 428.398 310.544 418.961 312.121 387.959 260.406 406.118 276.485 405.243 305.041 400.127 309.45 20.006 5.608 31.071 29.039 83.613 80.036 76.052 69.65 68.628 84.54
4100 1 Left 403.231 361.133 437.919 351.582 467.623 325.583 485.957 303.509 511.385 298.679 463.894 261.091 479.045 257.145 494.971 264.527 507.772 271.427 439.069 251.527 465.609 264.904 455.431 304.418 443.231 310.616 413.354 253.126 437.316 275.26 429.301 310.283 419.096 311.988 386.119 261.683 406.847 276.543 406.596 305.249 399.72 310.06 22.769 11.19 10.637 18.551 87.234 77.518 77.51 70.349 71.746 75.478
4200 1 Left 410.762 362.009 437.363 357.333 467.228 334.809 490.226 317.827 514.593 324.668 471.175 272.337 487.762 246.44 499.374 223.56 506.926 202.397 445.291 259.797 468.341 273.457 459.456 312.512 447.201 319.598 418.683 260.616 438.798 287.606 432.998 318.964 423.358 321.429 390.747 268.674 407.388 290.284 408.852 316.735 403.625 320.801 21.085 9.701 11.826 14.35 92.915 73.115 83.832 67.866 73.138 75.071
4300 1 Left 406.783 362.214 437.578 358.3 468.951 337.779 493.19 325.039 516.6 332.598 473.995 272.913 489.08 239.336 497.797 212.398 503.002 188.528 447.783 260.253 468.864 279.325 461.242 315.588 451.849 323.75 420.615 261.615 439.472 295.932 432.445 325.033 423.881 327.482 392.383 269.742 408.929 296.166 409.039 320.944 404.085 324.654 20.419 10.941 9.558 23.257 87.881 68.94 83.21 57.083 71.646 71.986
4400 1 Left 408.159 364.243 440.782 359.352 472.915 339.926 499.041 329.797 523.839 340.896 476.767 273.019 488.607 234.433 493.925 206.331 496.758 181.726 448.939 261.153 469.975 279.502 464.198 317.169 455.235 328.99 420.523 262.917 440.025 296.754 434.434 327.238 425.882 332.396 392.232 271.159 410.365 297.659 412.135 323.333 407.473 328.858 19.422 8.682 4.118 21.834 85.48 65.95 78.048 57.873 71.585 70.356
4500 1 Left 408.35 365.394 442.766 359.798 475.089 340.486 501.18 330.954 524.695 342.572 477.547 270.974 488.114 232.426 493.088 204.569 495.323 179.982 449.858 259.977 470.919 278.652 466.052 315.419 457.142 327.275 422.173 262.619 441.837 298.265 436.956 327.382 428.674 331.451 395.018 271.891 412.545 301.565 413.457 324.648 408.235 327.313 22.766 9.242 6.57 27.06 84.637 68.521 77.641 58.975 72.688 70.721
4600 1 Left 407.877 366.099 442.755 359.881 474.849 340.767 501.294 330.374 525.084 340.916 477.566 270.818 488.09 232.811 493.027 204.868 495.442 180.621 449.586 260.385 470.438 280.722 465.372 316.449 457.21 326.272 421.82 263.334 442.103 297.987 437.323 327.714 429.294 332.596 394.449 272.466 412.816 299.74 414.1 324.015 409.049 328.878 22.11 3.665 7.41 29.483 82.73 71.501 75.459 60.351 71.249 67.131
4700 1 Left 407.737 366.124 442.762 360.042 474.892 340.395 501.664 329.543 526.137 340.239 477.354 270.285 488.032 232.516 492.913 204.939 495.387 181.044 449.419 259.956 470.746 279.532 465.888 315.29 457.659 325.601 421.538 262.878 442.294 296.372 437.859 326.414 429.986 332.033 393.945 272.021 412.258 298.823 414.08 323.091 409.528 328.357 22.8 5.086 6.44 28.91 82.414 71.338 76.28 60.665 71.255 67.732
4800 1 Left 407.367 366.062 442.648 360.072 474.87 339.846 501.742 328.489 526.818 338.578 477.021 269.976 488.165 232.074 493.228 204.358 495.764 180.271 449.235 259.813 470.697 278.054 465.755 314.716 457.384 325.477 421.426 262.765 442.093 294.878 437.498 325.845 429.355 331.879 393.748 271.975 411.871 297.952 413.766 322.723 409.216 328.245 22.589 6.384 5.813 28.642 82.417 71.508 76.961 60.656 70.996 67.793
4900 1 Left 407.073 366.457 442.68 359.989 475.005 339.734 501.829 328.415 526.939 338.601 476.912 270.468 488.861 233.333 493.896 206.063 496.454 181.912 449.067 259.829 470.957 279.319 465.387 315.647 456.624 325.472 421.232 262.572 442.342 295.42 437.169 326.259 428.691 331.79 393.498 271.572 412.141 298.014 413.539 322.905 408.634 328.361 22.883 6.041 7.171 28.542 82.563 71.175 76.643 60.106 71.242 66.851
5000 1 Left 405.522 367.002 441.491 358.331 474.578 336.347 501.258 324.171 526.493 334.467 476.451 271.814 491.955 241.083 500.455 218.949 505.84 198.844 448.672 261.199 471.008 274.687 464.828 312.317 455.023 321.799 421.191 263.109 441.451 291.211 435.905 323.654 426.652 328.441 393.29 271.233 412.291 293.701 413.948 318.921 408.326 323.946 18.164 7.82 4.861 25.008 86.657 73.3 78.86 59.467 72.599 71.114
5100 1 Left 402.087 366.807 439.91 356.788 472.006 332.625 496.0 313.432 524.458 316.177 471.63 268.217 490.657 250.51 503.112 242.511 511.56 237.635 445.188 257.7 471.441 269.649 463.569 306.561 451.847 315.446 418.419 258.942 441.439 284.59 434.344 317.582 423.615 321.951 391.188 267.132 411.613 288.519 412.653 313.761 405.952 318.242 11.123 8.888 6.356 26.382 86.256 71.425 80.288 59.513 71.851 73.61
5200 1 Left 403.361 364.561 440.164 355.033 472.05 328.068 493.695 307.561 517.582 306.96 465.858 262.102 484.509 249.461 501.417 251.49 514.973 257.011 440.876 252.676 469.423 270.851 459.983 307.865 446.439 316.324 415.516 255.892 441.342 282.067 433.483 314.995 422.168 318.545 389.292 265.57 411.56 285.426 411.209 311.811 403.74 316.457 18.55 10.111 9.674 22.583 83.281 73.259 78.524 60.889 66.958 76.972
5300 1 Left 405.832 361.638 441.689 349.395 468.183 323.453 485.985 302.427 509.25 294.354 466.266 260.175 487.876 249.091 498.709 266.224 500.139 286.53 441.047 251.006 467.536 262.818 458.82 303.119 446.03 312.728 415.237 253.532 440.497 274.708 432.496 310.962 421.242 315.395 388.466 262.862 410.492 277.638 410.003 306.657 403.116 312.116 21.212 4.932 32.745 33.963 86.261 77.683 77.863 67.581 67.146 84.298
5400 1 Left 406.399 360.551 441.617 348.606 468.841 321.877 489.151 300.217 513.46 290.641 466.983 261.045 491.364 250.412 502.895 269.469 505.102 289.345 441.694 251.707 469.291 259.433 460.649 300.36 447.999 308.889 415.533 253.31 441.943 272.246 434.115 309.471 422.841 313.248 388.364 261.553 411.663 275.989 410.856 305.511 403.044 310.326 16.394 3.821 34.535 34.197 88.857 77.445 78.244 68.033 71.353 86.014
5500 1 Left 408.189 360.131 442.861 348.281 469.78 321.8 490.01 300.18 514.889 290.897 466.772 260.322 490.93 250.549 503.667 269.389 507.324 288.941 441.319 251.112 469.75 259.146 461.004 300.405 448.078 308.684 415.206 252.996 442.234 272.497 434.348 309.707 423.091 313.203 388.194 261.707 411.236 275.935 410.894 305.316 403.554 310.221 15.943 4.552 32.725 32.713 88.427 77.098 77.811 67.726 71.316 85.996
5600 1 Left 410.73 360.504 443.819 350.042 471.824 323.436 492.45 302.967 518.241 297.627 467.185 261.716 489.02 249.171 506.363 264.386 517.228 280.341 442.923 252.545 472.63 262.536 464.021 303.977 451.018 310.756 417.856 254.64 445.37 275.407 437.895 311.604 426.324 313.105 391.925 263.39 415.012 280.253 414.502 308.619 406.174 311.846 18.553 10.635 24.373 26.116 90.056 76.867 78.283 69.062 72.586 82.222
5700 1 Left 410.123 365.0 442.815 356.561 473.422 331.989 497.52 313.819 525.503 314.59 471.419 266.876 492.401 256.163 508.688 245.528 522.656 236.808 446.677 256.168 475.831 271.588 466.339 310.014 453.279 318.781 421.542 258.167 447.302 285.732 439.388 318.674 428.102 321.744 395.873 267.276 417.088 289.252 416.765 315.284 409.089 318.776 15.195 10.552 8.522 19.63 90.285 68.017 80.838 60.582 77.384 66.866
5800 1 Left 410.397 365.797 442.392 358.821 474.72 336.662 499.649 319.265 527.851 322.607 474.296 272.433 495.175 254.524 510.236 239.138 522.039 224.681 449.269 261.146 476.816 273.309 466.598 312.654 452.385 320.72 423.792 262.458 448.377 289.185 439.724 321.925 427.802 324.201 397.459 271.164 417.904 293.97 417.004 318.923 408.844 320.792 17.499 9.601 8.608 21.742 91.894 65.501 80.184 63.471 78.417 67.62
5900 1 Left 410.889 368.109 443.68 362.188 476.817 342.126 504.854 330.259 532.309 336.219 475.73 276.289 496.488 250.479 510.355 228.205 520.189 208.087 450.747 264.541 477.948 283.843 469.043 321.919 456.815 329.931 425.031 267.066 450.613 299.9 442.161 330.079 430.661 331.752 398.56 277.107 420.495 302.007 418.569 325.537 409.699 327.194 15.07 5.809 9.304 21.012 91.409 64.283 80.922 57.026 80.279 65.472
