8
200 1 Right 465.649 620.479 481.569 566.934 520.546 537.564 560.594 532.928 587.957 537.086 532.242 524.788 593.277 505.464 627.967 496.251 654.212 489.257 547.104 550.791 611.598 525.359 650.1 510.405 679.069 497.609 559.928 579.646 619.174 553.796 654.811 538.179 681.6 524.667 568.694 608.052 614.004 588.061 640.187 575.76 662.376 565.678 37.718 11.249 27.125 14.781 27.54 17.358 18.246 24.594 6.244 16.838
1200 1 Right 409.113 588.978 417.286 529.436 450.249 486.288 489.146 464.904 518.056 456.107 457.103 472.766 515.836 441.673 549.263 425.295 573.074 412.431 475.741 495.628 536.597 456.63 571.601 433.835 596.469 414.323 494.411 521.965 550.245 481.967 583.331 457.672 606.336 437.411 509.672 549.032 551.632 517.486 576.142 497.916 595.479 481.575 31.17 15.185 24.671 16.746 31.419 13.929 17.5 15.248 17.421 13.939
1500 1 Right 314.564 620.986 302.237 563.556 315.552 509.51 345.127 476.929 371.875 460.883 302.738 491.808 346.807 435.735 373.519 405.945 393.098 382.058 327.399 509.717 369.859 445.529 395.9 407.493 414.637 377.505 355.652 530.399 392.704 469.041 414.396 432.201 428.975 403.498 384.361 552.001 410.984 504.443 427.072 475.155 440.861 451.504 36.672 13.297 32.047 5.865 23.571 19.626 21.563 15.651 8.912 7.864
1800 1 Right 249.813 697.863 224.579 647.907 214.551 593.426 225.763 548.837 241.371 518.082 185.982 594.798 202.874 534.196 218.707 501.387 230.593 474.811 208.94 611.615 223.47 546.658 235.388 507.622 244.173 476.736 239.987 628.898 252.5 569.64 260.547 534.254 263.888 505.788 274.604 644.103 282.246 598.908 286.608 570.567 290.666 545.305 37.324 12.921 36.016 16.089 12.784 19.086 20.201 21.383 12.67 10.992
2500 1 Right 306.491 744.744 317.643 684.195 335.251 633.675 360.273 601.345 384.279 581.752 299.01 615.971 339.349 567.563 371.164 547.544 396.509 535.047 304.972 645.684 350.595 602.688 388.44 583.08 417.808 572.084 320.476 678.92 361.694 641.039 397.277 625.612 424.626 617.282 342.969 709.649 382.337 684.813 409.808 668.568 431.368 656.298 30.533 4.354 23.574 31.785 41.943 32.559 49.754 26.775 27.005 35.744
2800 1 Right 428.29 723.98 459.08 663.844 493.756 620.922 535.806 599.6 573.625 585.924 452.34 595.099 475.538 554.548 498.323 525.908 518.631 504.375 456.201 619.446 532.038 594.598 532.135 618.763 516.171 631.423 466.85 652.041 544.108 634.114 532.486 652.721 511.391 659.527 479.524 687.6 539.563 668.504 530.286 679.718 510.076 685.856 30.973 14.304 13.799 23.247 95.415 37.544 87.162 29.537 72.552 44.584
3100 2 Right 475.819 590.826 505.837 529.226 537.849 484.758 573.613 461.949 602.9 449.471 502.328 440.678 520.992 395.266 532.876 363.255 537.103 331.03 508.027 449.849 576.093 428.71 576.726 453.29 555.483 464.34 519.739 471.217 584.588 468.627 577.047 489.788 557.798 494.24 533.285 497.929 583.17 497.317 575.508 515.078 557.833 520.955 22.378 36.568 26.856 22.337 83.93 47.164 67.42 37.451 72.395 44.999 Left 763.953 739.472 699.545 741.404 635.419 771.481 597.593 817.352 578.543 853.997 591.337 740.013 553.073 807.068 581.015 813.8 596.743 797.414 617.797 758.179 584.287 835.11 612.353 829.921 623.516 805.346 650.74 780.784 628.086 852.9 652.958 840.384 659.944 814.371 686.327 804.332 671.118 857.911 690.004 845.888 695.803 823.762 42.601 15.744 79.692 42.269 106.492 48.166 90.15 30.427 75.817 41.212
3900 1 Right 538.093 459.624 541.979 415.518 559.732 364.029 586.11 334.352 609.097 318.422 547.604 330.138 562.896 274.917 568.08 239.071 570.828 207.67 553.126 336.129 618.829 317.603 619.989 345.575 603.793 358.625 565.674 350.043 628.637 341.71 622.716 368.353 605.892 375.797 582.946 367.784 631.975 362.085 625.485 385.661 610.495 393.033 28.689 28.977 15.996 16.934 87.037 40.057 73.372 44.199 71.855 68.721
38
200 1 Right 465.649 620.479 481.569 566.934 520.546 537.564 560.594 532.928 587.957 537.086 532.242 524.788 593.277 505.464 627.967 496.251 654.212 489.257 547.104 550.791 611.598 525.359 650.1 510.405 679.069 497.609 559.928 579.646 619.174 553.796 654.811 538.179 681.6 524.667 568.694 608.052 614.004 588.061 640.187 575.76 662.376 565.678 37.718 11.249 27.125 14.781 27.54 17.358 18.246 24.594 6.244 16.838
300 1 Right 477.741 622.449 493.157 566.589 530.079 537.306 568.613 533.835 594.907 539.49 547.177 525.59 605.228 506.021 638.199 497.229 662.665 491.007 564.35 551.043 625.401 525.228 661.024 510.337 687.639 498.404 577.845 579.231 634.296 553.915 667.763 538.272 692.874 525.722 585.796 606.926 629.794 585.995 655.058 573.343 676.313 562.449 29.362 20.839 27.498 19.76 27.766 23.161 20.886 30.067 9.865 16.242
400 1 Right 484.22 627.83 501.62 565.547 539.967 535.494 578.638 533.487 604.983 540.728 557.403 529.828 611.363 510.801 642.476 502.158 666.443 496.708 575.313 557.973 632.267 532.069 666.125 516.825 691.827 505.566 589.086 587.245 642.213 560.414 673.045 543.628 696.113 531.01 597.077 614.087 640.803 591.853 666.944 578.156 689.214 566.821 33.84 15.739 33.928 21.26 35.602 20.705 26.87 31.44 15.537 21.284
500 1 Right 485.45 627.325 504.018 566.111 542.802 537.518 579.768 536.266 604.699 544.879 560.141 529.393 615.65 512.377 646.849 504.833 670.477 500.636 577.569 555.75 635.631 532.784 668.937 519.863 694.888 510.998 590.636 584.617 644.916 560.708 676.046 547.488 699.963 537.881 596.862 612.094 638.189 591.383 662.042 579.999 681.931 571.113 31.152 20.601 29.495 19.528 35.414 20.2 20.797 28.485 14.757 16.442
600 1 Right 485.597 628.233 507.423 569.075 546.559 541.16 581.667 539.736 605.81 547.487 566.535 532.329 617.618 519.437 646.978 514.863 668.978 513.293 583.702 557.135 637.644 539.302 669.571 529.871 694.51 523.336 595.721 585.619 645.541 566.167 675.298 555.01 698.681 545.897 601.099 615.461 639.002 598.865 661.393 588.366 680.067 579.253 35.586 20.371 31.526 25.318 35.795 16.315 27.513 23.576 15.434 18.084
700 1 Right 485.074 625.745 507.932 566.485 547.232 539.843 583.033 538.503 606.922 547.022 566.686 531.926 619.285 520.363 648.838 516.842 670.882 516.544 583.039 557.461 638.109 540.088 669.786 531.6 694.089 526.368 594.452 586.507 645.97 566.979 675.613 555.857 698.613 547.367 599.16 616.354 638.271 599.537 660.757 589.126 679.42 580.692 36.77 20.511 35.995 19.26 40.176 17.062 22.377 24.732 17.541 13.459
800 1 Right 484.812 623.013 506.135 563.175 544.536 536.316 580.203 535.537 603.779 544.378 566.953 528.812 619.687 517.304 649.034 513.545 671.131 512.856 583.257 554.776 638.121 537.613 669.774 529.137 694.26 524.314 594.169 584.217 645.725 565.238 675.786 554.35 699.176 545.999 598.305 614.136 637.786 598.16 660.436 587.606 679.25 578.505 37.359 25.493 32.537 20.418 40.307 16.778 25.748 23.331 16.306 19.423
900 1 Right 480.833 618.307 502.945 558.344 540.936 531.367 577.273 529.442 601.082 536.575 561.626 523.597 616.978 511.15 646.612 506.383 668.532 504.225 576.662 550.935 634.467 532.629 667.277 522.539 691.861 516.27 586.603 580.981 639.964 560.695 670.505 549.424 693.103 541.328 590.056 610.525 631.355 593.186 654.813 582.134 673.515 573.026 39.846 23.231 34.014 17.566 38.906 18.749 27.038 25.147 19.911 19.47
1000 1 Right 459.678 601.296 479.515 542.588 517.427 511.987 556.214 505.273 580.95 505.475 533.036 505.691 591.012 486.033 623.151 477.771 647.415 471.88 548.234 531.472 608.53 505.397 643.087 490.447 669.152 478.53 560.806 558.877 616.273 532.276 649.378 515.562 673.808 502.274 569.047 585.677 615.626 565.563 642.868 553.315 665.954 543.034 26.702 22.317 33.614 11.524 37.746 21.191 24.553 27.196 17.652 22.438
1100 1 Right 429.035 597.408 439.862 536.187 474.035 499.321 513.875 487.292 540.876 485.596 486.241 486.199 542.082 455.795 573.208 440.759 595.756 430.081 504.951 509.262 564.263 472.168 599.263 450.663 625.621 434.282 521.746 535.65 577.344 499.286 610.148 476.738 633.978 459.529 534.179 562.43 577.151 534.544 600.962 515.997 620.779 501.043 23.76 27.019 38.844 7.963 42.416 14.985 35.272 25.47 18.804 27.276
1200 1 Right 409.113 588.978 417.286 529.436 450.249 486.288 489.146 464.904 518.056 456.107 457.103 472.766 515.836 441.673 549.263 425.295 573.074 412.431 475.741 495.628 536.597 456.63 571.601 433.835 596.469 414.323 494.411 521.965 550.245 481.967 583.331 457.672 606.336 437.411 509.672 549.032 551.632 517.486 576.142 497.916 595.479 481.575 31.17 15.185 24.671 16.746 31.419 13.929 17.5 15.248 17.421 13.939
1300 1 Right 375.792 593.042 375.188 533.74 402.927 487.481 441.142 465.826 467.936 457.68 403.42 466.078 457.622 421.761 489.888 399.379 513.819 382.532 422.63 484.557 477.64 434.319 510.874 404.055 535.748 380.112 444.563 508.363 496.214 459.53 525.729 429.281 546.831 405.292 465.649 535.955 504.758 496.934 524.636 471.356 540.881 450.103 25.22 17.093 33.969 8.423 35.253 20.683 25.29 21.562 12.415 29.203
1400 1 Right 341.049 608.565 332.499 548.445 350.464 496.718 384.414 467.587 411.219 454.661 339.981 477.431 388.007 423.642 416.624 395.797 437.423 373.809 361.489 494.622 409.184 433.242 437.547 397.48 458.021 369.289 388.032 516.106 431.003 457.8 455.802 423.214 472.388 396.851 415.417 540.37 446.908 494.706 463.201 467.306 476.398 444.965 27.221 15.189 32.894 14.018 38.281 14.27 27.9 12.584 17.629 24.98
1500 1 Right 314.564 620.986 302.237 563.556 315.552 509.51 345.127 476.929 371.875 460.883 302.738 491.808 346.807 435.735 373.519 405.945 393.098 382.058 327.399 509.717 369.859 445.529 395.9 407.493 414.637 377.505 355.652 530.399 392.704 469.041 414.396 432.201 428.975 403.498 384.361 552.001 410.984 504.443 427.072 475.155 440.861 451.504 36.672 13.297 32.047 5.865 23.571 19.626 21.563 15.651 8.912 7.864
1600 1 Right 288.134 655.139 269.795 599.366 272.869 543.056 295.154 502.711 316.545 481.457 249.192 532.85 280.946 470.973 301.464 440.429 316.315 415.344 270.415 552.047 300.34 482.565 319.074 442.659 332.379 410.374 299.95 572.439 325.302 507.854 340.662 469.871 350.282 440.382 332.695 592.743 351.659 542.459 361.95 513.697 371.041 489.737 27.609 11.435 34.794 6.8 30.049 21.885 26.825 19.384 19.534 12.951
1700 1 Right 264.029 688.351 244.493 631.784 238.217 575.465 250.338 531.936 263.832 506.096 205.801 576.262 223.408 515.61 239.007 484.896 250.01 459.683 227.431 594.482 243.005 529.434 255.411 491.792 263.678 461.412 257.984 612.24 270.787 553.934 279.891 517.701 283.697 489.105 293.031 628.343 301.872 581.225 307.012 552.39 311.109 527.319 33.636 11.301 39.107 3.053 22.335 19.345 20.158 17.134 20.483 5.278
1800 1 Right 249.813 697.863 224.579 647.907 214.551 593.426 225.763 548.837 241.371 518.082 185.982 594.798 202.874 534.196 218.707 501.387 230.593 474.811 208.94 611.615 223.47 546.658 235.388 507.622 244.173 476.736 239.987 628.898 252.5 569.64 260.547 534.254 263.888 505.788 274.604 644.103 282.246 598.908 286.608 570.567 290.666 545.305 37.324 12.921 36.016 16.089 12.784 19.086 20.201 21.383 12.67 10.992
1900 1 Right 245.871 702.084 221.643 651.368 212.189 595.28 222.412 549.378 235.092 516.504 177.056 601.797 191.997 544.347 206.592 510.591 217.602 482.794 198.424 619.951 211.832 556.814 223.835 516.456 233.216 483.934 229.041 638.134 240.279 580.94 247.801 544.194 251.526 514.215 264.488 654.167 270.962 609.604 274.94 579.798 279.377 553.607 29.581 11.875 29.998 7.042 20.874 15.88 23.088 11.741 16.731 14.814
2000 1 Right 245.469 694.837 221.295 647.257 210.344 592.086 216.706 545.845 227.226 511.933 178.281 596.133 194.756 538.284 210.104 503.587 221.721 475.414 199.978 612.804 215.948 549.761 228.181 509.658 237.214 477.47 230.319 629.779 244.345 574.315 252.717 538.676 257.979 510.167 264.849 644.533 273.493 601.826 277.869 572.807 282.858 546.762 30.001 11.924 31.74 8.699 21.372 16.05 14.83 21.633 19.694 10.464
2100 1 Right 245.383 691.33 222.08 644.201 211.013 589.923 217.588 544.532 228.381 511.337 180.787 592.569 197.868 535.719 213.686 500.98 225.988 472.551 201.474 609.352 218.441 547.25 231.966 507.187 242.287 474.334 230.856 626.591 246.008 571.634 256.62 535.511 264.116 505.893 264.983 641.449 274.862 598.913 280.158 569.754 285.715 543.045 33.271 10.884 30.624 3.898 20.489 16.183 13.809 23.053 19.551 7.017
2200 1 Right 247.497 691.607 222.943 645.996 210.359 593.753 218.031 550.575 231.618 519.545 185.589 590.447 209.059 532.131 229.659 498.663 246.689 471.939 206.667 609.685 229.817 545.668 249.822 506.504 266.751 476.253 236.147 629.404 256.698 569.567 273.516 531.703 286.045 501.216 269.945 646.182 283.111 599.541 292.07 569.335 299.978 542.906 34.52 15.489 34.305 11.143 25.819 19.425 16.586 22.388 14.584 16.778
2300 1 Right 263.597 707.949 259.337 652.816 255.393 600.099 264.668 560.032 278.077 531.096 208.496 592.172 234.864 539.5 260.516 507.435 283.475 483.111 220.443 617.197 251.945 558.494 282.737 522.369 309.04 495.273 244.173 642.929 279.09 588.723 308.993 552.474 332.527 523.511 275.14 664.995 307.064 620.815 327.799 591.935 344.963 567.277 25.436 5.589 31.964 14.13 31.886 19.886 25.009 23.49 16.378 32.298
2400 1 Right 277.335 722.094 284.38 661.533 286.657 607.751 296.812 569.077 309.699 540.778 232.636 598.725 260.542 546.999 289.6 517.306 315.813 495.88 241.392 625.718 276.311 569.995 313.745 538.462 344.411 516.789 262.803 654.178 300.438 602.711 335.865 568.936 363.11 543.633 292.147 679.16 329.168 637.971 355.89 611.91 377.062 591.25 26.824 7.359 31.661 12.698 34.989 20.933 25.326 25.932 18.396 40.413
2500 1 Right 306.491 744.744 317.643 684.195 335.251 633.675 360.273 601.345 384.279 581.752 299.01 615.971 339.349 567.563 371.164 547.544 396.509 535.047 304.972 645.684 350.595 602.688 388.44 583.08 417.808 572.084 320.476 678.92 361.694 641.039 397.277 625.612 424.626 617.282 342.969 709.649 382.337 684.813 409.808 668.568 431.368 656.298 30.533 4.354 23.574 31.785 41.943 32.559 49.754 26.775 27.005 35.744
2600 1 Right 354.803 764.729 370.922 705.354 403.663 651.022 445.454 621.762 482.063 603.618 366.038 637.5 399.763 591.569 426.402 567.76 450.479 550.971 369.544 665.803 435.648 622.7 471.134 609.887 495.41 602.995 382.373 698.757 451.057 664.58 452.309 670.459 441.848 678.234 400.288 732.044 455.804 703.952 455.504 705.678 444.94 710.058 33.518 4.981 25.263 37.497 52.787 24.4 81.373 34.153 61.943 52.666
2700 1 Right 390.581 750.619 417.488 690.545 456.39 640.905 503.165 614.662 539.462 596.321 404.733 631.415 432.817 587.908 458.453 563.693 482.308 546.524 407.691 661.432 480.597 625.36 487.257 640.81 478.703 651.302 420.558 695.619 499.481 664.016 490.38 679.029 468.911 688.06 437.677 730.305 500.327 700.998 490.942 709.604 469.231 718.225 28.176 7.773 15.541 31.417 97.051 23.022 88.208 23.775 72.026 52.171
2800 1 Right 428.29 723.98 459.08 663.844 493.756 620.922 535.806 599.6 573.625 585.924 452.34 595.099 475.538 554.548 498.323 525.908 518.631 504.375 456.201 619.446 532.038 594.598 532.135 618.763 516.171 631.423 466.85 652.041 544.108 634.114 532.486 652.721 511.391 659.527 479.524 687.6 539.563 668.504 530.286 679.718 510.076 685.856 30.973 14.304 13.799 23.247 95.415 37.544 87.162 29.537 72.552 44.584
2900 1 Right 444.958 682.926 478.659 623.638 515.542 583.578 553.857 556.992 583.878 537.824 476.834 545.445 496.417 506.327 508.971 477.617 514.234 449.865 482.668 560.182 554.712 537.697 556.619 558.914 536.495 567.011 494.065 584.894 563.412 574.314 556.877 591.773 536.438 595.618 506.974 614.117 562.398 604.324 554.623 616.928 533.54 622.449 25.119 22.963 26.45 32.984 82.022 46.858 67.214 45.907 64.454 52.897
3000 2 Right 460.697 629.561 485.777 567.371 519.239 522.905 557.127 499.293 585.69 482.854 493.279 482.172 510.108 446.397 519.021 422.018 523.734 396.207 501.577 493.346 565.944 476.547 564.563 494.055 546.775 499.346 512.652 514.321 575.716 508.666 564.855 523.933 546.681 525.317 524.64 540.285 575.195 536.275 565.351 549.307 547.537 552.983 30.207 26.068 20.202 26.072 82.198 42.011 70.767 38.429 53.49 64.215 Left 790.607 789.185 723.654 793.438 653.408 827.667 614.664 879.36 600.979 919.008 623.89 801.005 582.913 872.2 613.622 876.457 630.315 857.419 653.522 818.18 616.371 899.214 643.212 894.677 656.518 872.756 688.233 842.626 657.129 918.265 681.468 906.58 693.447 880.468 724.125 867.013 700.679 924.348 717.796 912.571 729.014 889.548 39.271 14.615 89.271 23.342 86.432 48.557 79.459 37.508 67.619 46.809
3100 2 Right 475.819 590.826 505.837 529.226 537.849 484.758 573.613 461.949 602.9 449.471 502.328 440.678 520.992 395.266 532.876 363.255 537.103 331.03 508.027 449.849 576.093 428.71 576.726 453.29 555.483 464.34 519.739 471.217 584.588 468.627 577.047 489.788 557.798 494.24 533.285 497.929 583.17 497.317 575.508 515.078 557.833 520.955 22.378 36.568 26.856 22.337 83.93 47.164 67.42 37.451 72.395 44.999 Left 763.953 739.472 699.545 741.404 635.419 771.481 597.593 817.352 578.543 853.997 591.337 740.013 553.073 807.068 581.015 813.8 596.743 797.414 617.797 758.179 584.287 835.11 612.353 829.921 623.516 805.346 650.74 780.784 628.086 852.9 652.958 840.384 659.944 814.371 686.327 804.332 671.118 857.911 690.004 845.888 695.803 823.762 42.601 15.744 79.692 42.269 106.492 48.166 90.15 30.427 75.817 41.212
3200 1 Right 495.767 547.692 551.452 487.593 577.848 444.975 598.131 417.158 611.136 392.427 518.444 395.708 539.448 346.503 550.479 310.977 555.984 275.704 519.61 402.278 593.268 382.528 595.454 410.649 576.471 424.998 528.333 419.038 599.456 413.054 593.419 438.636 575.529 449.789 540.73 440.579 587.795 437.597 586.478 456.583 576.506 466.942 32.042 33.267 21.314 25.583 86.749 42.38 61.091 49.848 61.865 53.023
3300 1 Right 511.983 511.403 558.143 458.651 585.068 410.905 609.686 378.538 624.012 352.294 532.423 352.923 549.165 300.662 557.524 260.921 558.371 224.001 532.212 357.195 601.619 339.388 605.662 369.138 585.969 385.626 540.69 373.391 608.732 367.72 605.478 394.539 587.511 405.051 554.726 396.51 605.774 395.033 601.631 416.903 586.398 426.177 17.461 46.207 15.474 21.729 87.654 53.465 66.702 33.102 67.245 56.051
3400 1 Right 520.113 489.564 549.981 439.341 578.099 391.067 603.88 361.637 623.1 342.106 536.667 338.306 554.002 284.616 559.714 249.364 561.06 218.372 536.077 345.217 606.924 327.691 609.124 356.964 590.967 371.25 545.737 361.057 612.707 353.411 608.103 380.744 590.169 390.544 561.557 381.412 614.501 378.519 608.371 402.047 592.222 411.371 17.578 45.559 14.786 18.871 81.453 55.736 69.276 44.343 69.247 59.663
3500 1 Right 528.152 466.19 536.556 414.622 554.749 362.761 580.54 335.412 603.42 322.07 542.877 323.542 558.998 267.543 564.728 232.054 568.205 201.513 545.309 328.578 613.91 312.846 613.975 343.573 596.178 357.771 555.84 342.149 621.282 335.355 614.113 362.944 595.818 371.118 570.872 360.128 622.724 357.334 614.818 380.948 598.453 388.71 19.442 45.079 10.579 14.151 90.841 47.09 80.222 35.637 74.903 60.06
3600 1 Right 532.389 460.178 548.541 415.446 571.372 365.942 599.255 337.252 622.695 319.067 545.41 321.053 561.409 266.707 565.964 231.953 566.923 200.207 546.772 325.843 617.569 304.314 618.644 335.795 598.455 350.385 556.421 339.272 623.359 327.707 619.391 357.501 600.96 366.932 571.22 356.665 624.5 349.507 620.471 374.743 605.51 384.808 20.272 32.94 17.802 19.072 87.818 51.865 76.097 42.52 72.612 61.044
3700 1 Right 530.52 456.71 548.772 415.104 573.693 367.286 603.995 339.103 627.902 320.809 546.622 321.451 561.772 267.9 566.246 233.296 567.101 201.822 548.651 325.138 618.241 305.384 618.8 335.743 598.76 349.131 558.361 337.382 624.857 328.795 620.308 357.774 602.267 365.988 573.627 353.901 626.618 349.804 621.529 374.624 606.28 383.492 20.116 28.693 18.841 22.782 84.54 53.257 73.847 42.833 71.065 63.63
3800 1 Right 537.411 455.853 543.052 411.346 559.875 362.1 585.292 333.318 607.468 317.417 547.175 324.459 562.43 270.239 567.896 235.423 569.624 204.433 551.719 328.978 616.51 309.291 619.555 338.355 603.733 352.101 563.066 341.304 626.519 333.136 622.36 361.125 605.656 369.735 579.432 357.856 630.245 353.568 624.968 377.757 610.484 386.705 20.133 32.567 15.695 20.132 86.6 43.909 75.122 39.801 72.315 61.427
3900 1 Right 538.093 459.624 541.979 415.518 559.732 364.029 586.11 334.352 609.097 318.422 547.604 330.138 562.896 274.917 568.08 239.071 570.828 207.67 553.126 336.129 618.829 317.603 619.989 345.575 603.793 358.625 565.674 350.043 628.637 341.71 622.716 368.353 605.892 375.797 582.946 367.784 631.975 362.085 625.485 385.661 610.495 393.033 28.689 28.977 15.996 16.934 87.037 40.057 73.372 44.199 71.855 68.721
