10
200 1 Right 486.507 608.744 502.596 552.044 541.675 521.388 582.06 517.398 608.521 520.385 555.209 511.176 615.229 489.551 649.207 478.801 674.318 470.823 571.792 536.468 633.453 509.148 670.083 493.431 696.988 480.596 585.827 563.953 643.224 536.176 676.997 519.193 701.802 504.916 595.414 590.925 641.171 568.35 667.733 554.48 689.56 542.751 30.342 16.78 26.866 16.768 30.34 18.461 19.193 26.575 11.213 18.573
1300 1 Right 414.408 603.445 412.579 543.67 439.462 500.956 477.201 483.987 504.993 481.174 446.008 485.17 503.531 444.527 536.98 423.245 561.263 408.078 472.245 506.938 531.436 457.5 566.361 428.693 590.795 406.79 496.216 532.42 550.114 483.235 581.937 454.323 603.691 431.609 514.69 558.895 554.802 520.816 577.16 496.705 594.844 476.902 32.358 17.912 28.277 17.056 31.235 18.752 20.679 23.754 12.108 20.057
1600 1 Right 331.321 668.035 313.146 614.618 319.433 563.835 345.682 528.467 369.791 511.567 304.55 555.872 344.547 495.866 368.195 467.644 385.931 446.846 332.143 575.515 370.598 507.418 392.364 469.858 407.81 441.348 364.67 596.256 398.396 532.843 417.938 497.728 430.31 470.524 396.248 616.491 421.542 568.361 434.017 540.896 443.896 517.782 27.009 13.089 40.974 16.46 33.829 28.566 30.525 21.834 22.17 22.772
2400 1 Right 296.921 719.329 272.814 674.45 268.563 624.571 287.34 587.054 309.221 563.955 249.923 625.454 274.449 569.816 295.343 538.244 313.497 512.743 275.767 646.782 301.384 584.618 321.826 545.891 338.771 515.718 308.041 667.471 333.311 607.582 351.92 571.127 364.171 542.32 342.919 684.529 361.796 638.401 372.407 610.656 380.587 586.842 37.823 14.508 40.219 4.895 32.597 12.448 23.326 21.204 12.629 21.247
2900 1 Right 406.899 703.859 419.034 645.06 449.388 590.59 483.617 549.367 503.186 513.805 427.12 594.439 473.752 553.971 501.622 532.629 521.934 512.623 442.312 625.609 488.217 581.497 519.586 551.961 545.014 527.453 462.524 659.003 505.925 620.101 535.922 595.065 558.5 574.165 483.687 690.346 519.894 661.739 546.902 642.421 571.964 625.857 20.289 7.994 42.805 14.188 33.757 19.298 30.619 21.375 20.719 8.421
3100 1 Right 470.319 667.104 481.418 603.906 509.003 553.55 544.389 520.815 571.205 501.549 502.051 552.639 553.202 514.005 586.445 495.45 613.668 482.361 519.063 581.635 571.53 533.368 605.371 503.613 632.686 479.322 540.638 613.754 588.075 570.954 618.367 542.292 641.092 519.272 562.975 646.601 601.509 613.701 625.105 591.924 645.938 574.556 21.43 6.408 43.863 11.828 35.669 20.712 27.687 19.453 7.786 14.56
3400 1 Right 580.186 584.334 594.608 515.791 624.556 472.69 654.222 441.369 678.858 419.495 623.367 475.512 656.232 437.648 682.293 411.96 704.554 389.848 639.639 485.983 679.909 451.453 708.268 424.109 731.096 402.139 659.193 501.862 700.016 463.503 728.143 434.533 749.854 411.838 680.868 521.798 719.15 485.528 744.82 462.322 765.83 444.431 4.728 32.87 20.059 28.906 11.547 55.952 14.705 43.114 18.183 32.157
3700 1 Right 665.699 486.586 674.345 420.812 703.007 374.582 735.253 346.301 762.471 330.41 706.637 368.844 735.696 337.141 759.996 315.751 781.768 297.092 725.233 384.039 758.472 350.924 784.26 327.112 806.124 307.214 746.306 404.793 779.767 367.672 805.785 339.39 827.067 317.42 767.375 429.606 797.42 391.752 819.223 367.763 839.138 349.295 28.268 10.077 21.606 13.598 3.272 56.162 28.487 39.42 21.544 14.752
4200 2 Right 734.968 444.663 738.007 390.635 765.729 342.898 807.007 321.985 835.348 319.533 767.846 318.281 834.673 295.654 857.655 307.599 867.571 319.97 791.568 332.277 854.564 278.891 888.792 244.386 912.425 216.325 814.806 353.851 869.203 295.809 900.768 261.72 922.245 233.902 837.498 380.592 878.673 336.599 900.1 313.316 919.063 293.89 43.439 18.866 45.063 46.936 23.711 21.574 4.594 24.051 8.181 8.344 Left 441.287 472.613 390.369 508.078 336.251 528.265 295.6 546.288 271.684 555.432 290.703 445.93 253.201 517.566 283.292 528.369 298.572 513.223 301.786 449.815 271.669 531.675 302.13 537.907 313.043 520.026 316.564 464.246 295.53 543.045 325.735 546.06 334.915 526.339 335.699 484.287 325.868 545.497 350.594 547.954 360.48 531.479 26.843 29.893 82.573 41.582 81.968 71.177 70.638 64.607 64.393 71.21
5100 1 Left 471.057 473.138 413.759 481.538 350.763 501.561 307.293 535.039 288.344 559.914 311.135 439.973 269.474 513.533 301.205 526.136 318.771 511.193 321.656 449.286 289.648 533.686 322.879 538.327 336.055 518.657 337.19 468.489 315.987 548.747 348.739 548.419 359.931 526.716 356.946 492.421 347.383 554.695 373.238 553.035 383.802 534.99 31.644 38.829 83.338 36.278 82.204 63.211 77.377 58.353 63.3 71.041
50
200 1 Right 486.507 608.744 502.596 552.044 541.675 521.388 582.06 517.398 608.521 520.385 555.209 511.176 615.229 489.551 649.207 478.801 674.318 470.823 571.792 536.468 633.453 509.148 670.083 493.431 696.988 480.596 585.827 563.953 643.224 536.176 676.997 519.193 701.802 504.916 595.414 590.925 641.171 568.35 667.733 554.48 689.56 542.751 30.342 16.78 26.866 16.768 30.34 18.461 19.193 26.575 11.213 18.573
300 1 Right 489.185 614.439 505.23 556.157 546.363 525.661 585.851 522.062 612.585 526.12 563.107 514.806 619.072 495.394 651.406 485.76 675.815 479.173 579.925 540.03 638.627 514.682 673.704 499.688 700.286 488.016 593.231 567.315 648.636 541.51 680.712 525.826 704.606 513.106 601.562 593.737 647.403 573.622 674.752 561.716 698.1 551.481 25.864 18.224 24.261 15.161 26.465 22.666 15.644 30.368 16.433 14.504
400 1 Right 491.067 615.505 509.55 555.549 548.981 526.056 586.168 521.909 612.509 527.777 567.315 517.13 623.033 500.489 654.659 492.74 677.975 488.634 584.286 542.624 643.938 520.151 678.213 507.684 704.18 499.007 596.777 570.608 651.744 546.769 683.704 532.929 708.039 522.617 602.795 598.526 645.242 579.659 670.194 568.532 691.178 559.273 22.783 23.963 29.415 18.337 31.541 20.991 23.34 29.241 13.726 19.586
500 1 Right 492.59 617.823 514.249 557.989 554.987 530.038 591.047 529.225 615.298 537.353 575.808 522.281 626.644 507.748 655.058 502.386 676.291 500.214 593.299 548.83 647.755 528.724 679.3 517.845 703.597 510.423 605.003 578.419 655.921 556.406 685.321 543.577 708.027 533.359 609.523 608.519 648.062 589.99 670.368 578.4 688.774 568.29 37.975 19.909 38.045 22.57 39.542 15.937 29.626 25.804 18.477 22.717
600 1 Right 490.508 616.908 512.361 556.798 552.59 530.124 588.376 529.371 611.959 537.983 573.571 522.349 625.468 509.223 654.355 504.327 676.064 502.476 590.992 548.829 645.297 529.24 676.788 518.924 701.301 512.621 602.929 578.708 653.823 556.874 683.497 544.069 706.897 534.156 607.772 609.098 647.036 591.211 669.834 579.599 688.832 569.662 29.743 32.303 39.478 17.273 41.636 17.866 25.455 27.177 20.722 19.068
700 1 Right 488.14 614.232 511.073 555.157 552.208 528.642 588.263 528.613 611.45 538.043 573.257 520.561 624.675 506.619 653.336 501.507 675.137 499.64 590.195 547.401 644.379 527.28 676.238 516.51 701.017 509.848 601.534 577.84 653.207 555.814 683.533 543.214 707.266 533.374 605.66 608.639 645.536 590.191 668.881 578.262 688.39 567.766 35.062 28.987 36.33 19.246 40.449 17.894 24.463 25.939 17.774 21.259
800 1 Right 487.175 613.324 508.644 554.132 549.429 527.158 585.118 525.946 608.108 534.618 571.425 518.494 624.569 504.017 653.432 498.605 674.644 496.548 588.222 545.101 645.508 524.457 678.092 513.62 702.478 507.538 599.19 575.684 653.773 553.125 684.721 540.394 708.13 531.049 602.817 606.718 644.925 588.775 669.423 577.218 689.306 567.365 39.669 24.607 35.208 20.266 40.802 19.037 26.407 25.524 19.412 23.12
900 1 Right 476.851 604.667 496.177 544.818 536.27 515.348 573.476 512.986 597.151 521.381 553.147 505.453 610.818 489.353 643.978 482.073 668.244 477.146 570.901 531.547 631.103 508.434 665.754 494.806 690.807 484.344 584.519 559.286 639.662 533.891 672.129 518.13 695.741 505.738 592.211 585.256 636.28 564.497 662.319 552.083 683.677 542.044 24.755 28.855 30.384 18.78 29.241 23.863 19.824 19.95 11.594 11.83
1000 1 Right 470.125 598.881 484.405 536.3 522.553 503.591 562.742 498.93 588.05 505.835 539.308 498.735 596.649 476.745 628.611 466.363 652.422 459.669 558.49 525.865 618.898 495.775 654.184 477.931 680.17 464.804 572.998 554.267 629.332 523.447 662.864 503.988 687.252 488.995 581.599 580.863 627.884 558.4 655.38 543.915 678.246 531.786 31.077 28.378 30.348 17.493 32.576 23.405 22.806 19.991 19.077 7.409
1100 1 Right 445.955 598.35 452.383 534.083 485.229 497.164 523.899 484.659 551.604 483.968 500.163 488.837 555.973 458.721 587.798 441.574 610.884 429.28 522.443 512.686 582.531 474.039 617.356 450.1 643.233 431.55 541.248 539.386 597.966 498.892 630.335 474.275 653.77 455.34 554.25 565.84 596.709 535.948 620.681 517.192 640.803 501.679 31.141 12.163 37.866 8.189 38.786 19.937 27.463 28.873 22.417 22.645
1200 1 Right 431.818 597.388 433.025 536.087 461.184 495.521 498.747 480.398 526.666 478.908 473.264 484.665 531.53 449.519 564.885 431.736 589.119 418.929 497.187 507.076 558.963 462.804 593.878 437.133 618.29 417.651 518.719 533.265 575.819 488.63 608.054 462.133 630.147 441.448 534.839 560.679 577.951 526.194 601.516 504.428 620.304 486.358 33.236 22.331 32.563 18.441 33.82 18.822 19.052 22.305 16.713 15.22
1300 1 Right 414.408 603.445 412.579 543.67 439.462 500.956 477.201 483.987 504.993 481.174 446.008 485.17 503.531 444.527 536.98 423.245 561.263 408.078 472.245 506.938 531.436 457.5 566.361 428.693 590.795 406.79 496.216 532.42 550.114 483.235 581.937 454.323 603.691 431.609 514.69 558.895 554.802 520.816 577.16 496.705 594.844 476.902 32.358 17.912 28.277 17.056 31.235 18.752 20.679 23.754 12.108 20.057
1400 1 Right 379.232 624.061 370.308 563.033 390.58 513.797 427.805 486.885 456.985 476.955 387.405 500.901 443.626 449.918 475.909 423.141 499.419 403.307 414.437 521.172 470.067 460.446 502.207 426.21 524.521 399.832 442.505 544.957 491.735 486.517 520.569 452.921 539.523 426.989 468.144 569.616 504.596 526.595 524.319 500.169 539.453 477.985 23.183 19.173 32.327 22.721 33.037 20.915 26.028 19.026 17.942 20.635
1500 1 Right 359.371 634.865 348.677 575.664 366.223 526.914 401.302 500.358 430.301 490.41 358.858 516.654 407.319 461.659 437.725 433.538 461.452 412.395 387.258 535.453 434.15 473.311 464.019 437.248 486.047 409.564 416.877 556.48 459.927 497.751 485.939 463.102 503.394 435.887 444.251 578.161 476.376 533.526 493.695 505.816 507.119 483.139 26.91 21.387 33.037 14.216 28.913 19.009 20.572 25.687 7.425 15.206
1600 1 Right 331.321 668.035 313.146 614.618 319.433 563.835 345.682 528.467 369.791 511.567 304.55 555.872 344.547 495.866 368.195 467.644 385.931 446.846 332.143 575.515 370.598 507.418 392.364 469.858 407.81 441.348 364.67 596.256 398.396 532.843 417.938 497.728 430.31 470.524 396.248 616.491 421.542 568.361 434.017 540.896 443.896 517.782 27.009 13.089 40.974 16.46 33.829 28.566 30.525 21.834 22.17 22.772
1700 1 Right 315.945 693.475 294.215 642.71 294.992 591.102 318.792 554.29 344.228 536.551 278.556 585.759 311.41 524.516 334.616 493.952 351.894 470.582 307.859 603.617 339.138 536.307 359.872 499.17 373.811 470.79 341.86 622.402 369.086 559.486 386.086 524.288 395.723 497.212 375.615 640.189 394.178 591.312 404.059 564.029 411.688 541.339 32.102 19.081 34.893 13.143 37.099 17.795 24.951 24.842 18.723 16.158
1800 1 Right 299.368 717.341 272.409 668.752 269.514 614.773 290.728 573.594 314.403 551.17 249.743 622.099 274.262 560.668 292.34 529.756 305.802 505.007 278.318 642.376 300.704 576.822 314.902 538.362 324.293 508.999 313.715 661.187 333.251 600.473 345.011 564.541 350.44 536.898 350.801 676.189 363.388 629.311 370.363 601.079 375.895 576.341 29.465 19.699 44.391 5.473 32.944 17.86 26.143 25.21 14.16 11.324
1900 1 Right 297.983 720.276 271.206 674.095 264.49 624.191 280.888 585.922 301.724 562.815 246.321 627.922 267.957 569.909 285.587 537.828 300.2 511.229 273.882 646.167 293.826 583.655 308.36 544.581 320.078 513.45 307.736 663.635 326.478 605.917 338.741 570.058 345.694 541.3 343.941 677.966 356.621 633.492 363.734 605.704 369.77 580.731 35.758 16.516 40.815 8.437 29.012 20.926 28.25 18.753 20.417 7.355
2000 1 Right 295.287 717.293 268.324 672.802 263.371 621.564 281.771 581.839 303.261 557.073 244.04 625.919 266.052 569.127 284.399 537.914 299.155 512.329 271.232 645.384 292.115 582.901 307.251 544.408 318.138 513.543 304.303 663.183 324.53 605.188 336.162 570.529 341.613 543.117 339.605 677.333 354.639 631.49 362.076 604.995 367.093 582.337 39.803 15.107 44.047 5.718 30.825 13.81 32.047 25.499 18.117 21.139
2100 1 Right 294.717 715.919 267.435 672.518 261.858 622.407 278.793 583.083 298.376 558.892 243.419 625.231 265.872 568.249 284.382 536.983 299.497 511.667 271.003 644.048 292.537 580.728 307.849 542.875 319.057 512.936 304.344 661.64 325.468 602.879 337.418 568.934 343.091 542.531 339.608 675.924 355.381 630.231 363.246 604.462 368.459 582.524 37.712 15.426 41.685 3.764 32.522 12.832 30.295 24.643 16.686 20.658
2200 1 Right 294.247 716.247 267.762 672.387 262.376 622.686 279.111 583.755 297.76 559.967 243.322 624.728 266.968 567.432 285.609 536.073 300.842 510.516 271.184 643.869 293.58 580.344 309.26 542.361 321.03 512.291 304.551 661.646 326.623 602.85 338.771 568.846 344.596 542.307 339.405 676.03 355.661 630.638 363.805 604.748 369.394 582.6 37.202 15.256 39.654 2.309 32.287 13.031 30.413 23.779 13.451 21.417
2300 1 Right 295.909 716.139 269.896 672.591 264.696 622.31 282.319 583.167 302.843 559.235 247.459 623.197 271.598 566.532 290.852 534.768 307.078 508.991 274.694 643.547 298.413 581.266 316.042 542.289 330.04 511.898 307.712 662.987 330.161 604.896 344.832 569.57 353.41 541.53 342.31 678.943 358.123 633.695 366.839 606.69 373.557 583.354 37.165 15.188 40.655 1.438 31.626 12.283 28.326 22.174 10.826 22.996
2400 1 Right 296.921 719.329 272.814 674.45 268.563 624.571 287.34 587.054 309.221 563.955 249.923 625.454 274.449 569.816 295.343 538.244 313.497 512.743 275.767 646.782 301.384 584.618 321.826 545.891 338.771 515.718 308.041 667.471 333.311 607.582 351.92 571.127 364.171 542.32 342.919 684.529 361.796 638.401 372.407 610.656 380.587 586.842 37.823 14.508 40.219 4.895 32.597 12.448 23.326 21.204 12.629 21.247
2500 1 Right 307.394 728.468 290.007 681.369 288.387 630.104 307.397 589.755 329.008 564.625 265.198 630.345 289.388 579.41 312.69 548.257 332.088 523.534 287.288 653.349 319.336 592.727 347.305 555.01 370.769 526.603 317.294 675.38 350.432 619.14 377.261 582.087 398.285 553.282 351.305 693.686 378.608 648.421 395.574 619.077 410.144 593.748 28.843 19.325 38.369 9.217 40.47 10.502 23.597 19.808 17.967 22.796
2600 1 Right 316.108 731.125 301.894 683.395 304.96 632.117 326.808 592.464 349.765 567.561 281.298 631.972 306.499 580.935 331.032 550.824 352.208 526.848 301.434 656.19 337.076 596.356 368.134 560.076 394.429 533.837 330.516 680.133 368.423 624.494 397.528 589.462 420.055 563.066 363.379 700.51 395.719 657.184 415.661 629.734 432.459 606.546 31.459 17.505 39.14 16.08 37.208 15.178 21.187 23.507 17.977 18.16
2700 1 Right 335.332 731.3 335.75 675.387 356.399 612.758 384.122 566.579 401.692 531.955 332.549 623.823 374.416 578.137 401.878 551.149 423.067 527.98 348.33 654.366 388.277 604.894 420.031 570.976 447.549 544.877 371.713 685.111 411.394 641.738 440.619 612.772 464.967 590.004 399.79 712.931 437.192 679.879 463.586 655.339 487.767 635.767 7.274 5.648 30.677 9.291 39.279 15.506 19.951 29.567 2.755 33.713
2800 1 Right 361.971 721.474 370.188 663.0 392.881 605.885 418.561 559.756 426.249 518.827 365.059 619.803 401.213 577.049 427.66 552.643 448.83 532.046 379.489 648.696 417.264 605.828 448.229 575.838 473.792 551.413 401.234 680.384 439.304 640.356 469.261 613.523 492.251 590.948 426.323 710.413 462.878 681.19 487.205 660.129 508.824 641.312 20.743 9.168 36.658 16.491 24.337 26.148 20.825 30.43 2.314 32.943
2900 1 Right 406.899 703.859 419.034 645.06 449.388 590.59 483.617 549.367 503.186 513.805 427.12 594.439 473.752 553.971 501.622 532.629 521.934 512.623 442.312 625.609 488.217 581.497 519.586 551.961 545.014 527.453 462.524 659.003 505.925 620.101 535.922 595.065 558.5 574.165 483.687 690.346 519.894 661.739 546.902 642.421 571.964 625.857 20.289 7.994 42.805 14.188 33.757 19.298 30.619 21.375 20.719 8.421
3000 1 Right 438.775 685.326 448.776 626.138 478.514 574.522 514.963 540.482 545.68 518.841 466.66 574.703 513.133 534.005 541.523 515.665 563.47 500.555 482.428 604.13 532.601 558.228 565.12 529.016 590.688 504.939 502.159 638.286 548.727 597.451 578.355 571.854 600.103 550.093 523.279 672.671 562.261 640.864 585.792 619.913 606.314 602.179 23.977 4.552 46.0 11.169 34.886 20.083 35.084 20.289 16.225 14.262
3100 1 Right 470.319 667.104 481.418 603.906 509.003 553.55 544.389 520.815 571.205 501.549 502.051 552.639 553.202 514.005 586.445 495.45 613.668 482.361 519.063 581.635 571.53 533.368 605.371 503.613 632.686 479.322 540.638 613.754 588.075 570.954 618.367 542.292 641.092 519.272 562.975 646.601 601.509 613.701 625.105 591.924 645.938 574.556 21.43 6.408 43.863 11.828 35.669 20.712 27.687 19.453 7.786 14.56
3200 1 Right 516.091 648.511 529.145 584.281 561.482 544.573 598.364 522.185 630.787 513.404 552.112 537.519 577.904 496.219 605.896 468.243 631.8 447.551 575.22 548.52 610.115 503.523 641.656 473.593 667.643 450.312 601.608 566.525 639.583 520.931 670.697 489.446 695.033 466.585 627.691 588.722 666.215 551.515 695.32 527.838 721.074 509.223 41.805 19.148 34.678 20.355 3.91 57.511 22.494 44.18 24.121 4.559
3300 1 Right 547.584 620.41 561.791 552.822 594.037 509.795 630.738 485.861 661.164 474.713 588.353 507.967 623.245 467.342 650.918 440.366 675.575 417.015 608.135 522.222 648.54 479.438 678.868 447.832 703.991 420.588 631.861 541.723 672.806 495.519 703.54 462.032 727.664 437.095 657.37 563.671 697.887 523.229 727.371 497.049 752.787 476.938 30.336 16.81 25.283 13.107 9.06 64.031 20.294 42.51 18.429 11.232
3400 1 Right 580.186 584.334 594.608 515.791 624.556 472.69 654.222 441.369 678.858 419.495 623.367 475.512 656.232 437.648 682.293 411.96 704.554 389.848 639.639 485.983 679.909 451.453 708.268 424.109 731.096 402.139 659.193 501.862 700.016 463.503 728.143 434.533 749.854 411.838 680.868 521.798 719.15 485.528 744.82 462.322 765.83 444.431 4.728 32.87 20.059 28.906 11.547 55.952 14.705 43.114 18.183 32.157
3500 1 Right 610.22 550.948 620.219 485.327 645.282 442.06 673.904 411.302 699.518 391.764 648.449 447.446 679.852 407.003 705.09 380.827 727.436 358.829 666.464 458.356 704.236 419.704 732.302 391.194 754.693 368.609 687.397 474.084 725.312 433.002 753.332 402.295 775.139 379.124 709.851 492.549 744.78 455.03 769.368 431.072 790.17 413.14 16.792 23.343 22.93 20.294 13.187 58.016 9.751 45.4 16.472 18.373
3600 1 Right 640.183 512.835 648.72 447.28 673.198 402.977 699.031 372.142 722.376 353.711 682.134 401.333 709.447 370.123 730.0 350.05 746.498 334.179 698.715 415.857 731.181 386.474 751.585 365.641 766.914 350.357 716.859 434.231 749.865 402.588 770.571 378.434 786.279 360.005 734.835 456.168 767.312 425.191 787.708 404.876 804.383 388.605 11.814 31.501 36.926 41.287 17.076 73.385 33.063 53.296 35.366 38.46
3700 1 Right 665.699 486.586 674.345 420.812 703.007 374.582 735.253 346.301 762.471 330.41 706.637 368.844 735.696 337.141 759.996 315.751 781.768 297.092 725.233 384.039 758.472 350.924 784.26 327.112 806.124 307.214 746.306 404.793 779.767 367.672 805.785 339.39 827.067 317.42 767.375 429.606 797.42 391.752 819.223 367.763 839.138 349.295 28.268 10.077 21.606 13.598 3.272 56.162 28.487 39.42 21.544 14.752
3800 1 Right 688.155 461.744 695.302 395.843 724.499 352.458 762.002 334.314 790.38 334.572 727.138 330.956 775.152 313.284 795.762 313.855 809.467 313.244 750.467 348.293 792.758 316.872 817.735 293.361 836.532 271.493 774.492 370.74 813.9 330.25 838.812 302.763 856.738 278.582 797.328 396.671 832.639 354.696 855.62 330.752 875.792 311.181 39.069 18.281 41.918 27.213 27.552 26.623 22.146 29.461 15.787 12.649
3900 2 Right 710.776 441.698 721.278 381.948 747.382 340.679 786.046 323.597 814.735 322.878 747.149 319.28 808.663 300.54 827.283 313.997 836.62 329.087 774.726 334.671 831.002 287.003 861.405 257.849 885.337 235.536 800.164 357.25 850.275 298.308 877.927 268.855 897.899 245.352 822.255 386.084 860.846 338.911 881.068 315.03 900.342 294.463 40.667 22.051 56.153 26.634 22.937 24.174 11.086 38.894 10.121 17.192 Left 474.939 527.365 418.963 557.047 358.213 579.028 315.687 608.117 288.566 630.297 309.928 515.644 271.446 588.344 302.684 595.446 320.334 578.358 321.723 522.51 293.504 610.032 326.559 610.362 338.634 590.808 341.539 538.575 322.616 620.115 354.591 616.958 364.385 595.958 367.327 558.767 360.127 622.653 384.145 617.081 392.76 596.054 29.124 18.331 85.439 43.972 92.28 61.895 73.447 54.763 75.26 57.167
4000 2 Right 718.859 428.033 729.973 377.084 756.974 334.359 798.308 319.391 826.284 321.296 758.21 310.242 826.029 291.444 847.889 303.049 860.347 315.805 782.523 327.963 845.205 273.954 877.996 239.378 902.421 211.945 805.347 352.726 861.053 291.394 890.755 259.331 911.368 232.272 825.488 381.844 866.851 335.838 888.337 312.0 909.296 290.746 49.772 9.228 51.738 32.72 21.155 21.588 8.539 37.522 6.034 11.648 Left 457.965 510.754 404.506 534.07 346.572 558.383 304.894 586.1 283.753 601.577 303.436 495.284 261.691 566.749 294.098 577.011 311.311 561.434 315.399 500.619 287.508 584.801 320.205 586.787 330.45 566.613 332.974 515.292 316.671 594.785 346.753 591.722 354.132 569.243 355.226 533.76 347.867 595.549 372.196 593.072 381.325 574.761 34.076 36.362 86.012 32.762 84.495 68.458 76.051 54.164 56.561 68.527
4100 2 Right 736.209 441.341 738.189 387.194 763.527 339.922 803.715 320.674 832.925 318.977 765.943 315.787 830.339 292.592 852.179 303.442 863.839 316.801 790.567 330.502 852.058 275.795 885.592 241.385 909.915 213.576 814.251 353.2 869.19 293.046 899.626 260.173 920.882 232.896 836.154 380.784 876.985 336.471 898.118 312.574 918.255 291.934 45.894 30.217 45.712 51.146 22.2 19.39 7.325 30.423 5.134 11.029 Left 444.313 483.878 390.107 516.687 336.368 536.981 295.699 559.037 273.203 568.472 291.14 461.354 253.471 533.55 284.641 542.491 299.631 526.226 302.524 465.385 275.527 550.706 307.456 552.984 317.713 532.372 318.055 479.324 300.327 559.85 330.339 558.405 339.681 536.792 337.704 498.391 329.205 560.057 354.162 560.725 365.832 544.619 29.031 36.853 83.956 40.035 87.091 65.206 77.1 50.871 60.414 59.857
4200 2 Right 734.968 444.663 738.007 390.635 765.729 342.898 807.007 321.985 835.348 319.533 767.846 318.281 834.673 295.654 857.655 307.599 867.571 319.97 791.568 332.277 854.564 278.891 888.792 244.386 912.425 216.325 814.806 353.851 869.203 295.809 900.768 261.72 922.245 233.902 837.498 380.592 878.673 336.599 900.1 313.316 919.063 293.89 43.439 18.866 45.063 46.936 23.711 21.574 4.594 24.051 8.181 8.344 Left 441.287 472.613 390.369 508.078 336.251 528.265 295.6 546.288 271.684 555.432 290.703 445.93 253.201 517.566 283.292 528.369 298.572 513.223 301.786 449.815 271.669 531.675 302.13 537.907 313.043 520.026 316.564 464.246 295.53 543.045 325.735 546.06 334.915 526.339 335.699 484.287 325.868 545.497 350.594 547.954 360.48 531.479 26.843 29.893 82.573 41.582 81.968 71.177 70.638 64.607 64.393 71.21
4300 2 Right 728.697 440.343 731.139 387.264 756.68 340.872 796.089 319.071 823.91 316.396 758.658 315.766 820.013 293.11 837.983 309.707 842.829 325.966 784.237 331.474 846.034 277.573 879.156 243.635 901.731 215.508 807.937 353.928 861.618 294.468 891.611 260.081 911.337 231.499 828.971 380.314 869.717 335.305 890.871 311.038 910.077 290.322 50.687 20.634 56.649 43.903 28.161 20.068 3.76 26.156 12.387 6.563 Left 441.518 464.063 390.715 499.289 335.775 517.703 295.091 533.743 270.567 542.098 292.445 432.041 254.528 504.283 284.538 515.869 299.112 500.971 303.005 436.651 271.906 518.545 301.893 525.159 312.717 507.324 317.116 451.927 295.079 530.7 325.036 533.882 334.044 514.058 335.44 472.773 325.223 533.342 349.764 535.679 359.452 518.942 26.181 31.372 81.774 43.113 81.579 72.179 71.694 66.295 64.189 69.619
4400 2 Right 724.98 445.533 727.444 392.098 754.443 346.503 794.872 326.487 822.887 323.635 757.53 320.616 820.019 297.742 843.139 309.27 854.007 320.526 781.633 333.762 842.862 281.916 877.62 247.934 902.092 219.45 804.737 355.189 857.164 298.936 888.0 265.544 909.321 237.582 826.357 382.347 866.345 338.866 887.646 315.303 907.218 295.689 37.547 24.32 49.838 39.555 26.517 21.667 3.043 25.345 11.025 7.266 Left 442.915 460.883 389.584 477.707 331.757 496.849 290.325 523.798 270.018 537.722 291.318 428.542 253.924 502.858 284.537 513.763 299.442 497.481 302.405 435.272 271.939 519.835 303.602 524.368 315.543 504.645 318.15 451.746 297.028 531.461 327.27 532.465 337.374 511.447 338.495 473.638 327.427 534.164 350.393 533.955 360.487 516.613 31.83 35.735 85.336 39.028 83.648 67.585 74.302 59.744 65.258 70.19
4500 2 Right 714.452 456.435 721.519 400.841 748.453 358.735 788.855 339.222 817.086 338.621 748.872 337.694 812.447 316.416 835.647 328.011 846.856 339.239 774.182 351.861 836.96 298.89 871.506 264.104 895.465 236.312 797.06 373.972 851.427 316.258 881.64 283.381 902.16 255.173 817.018 401.859 858.898 357.743 879.935 333.606 898.985 312.696 36.829 18.085 52.448 29.693 23.953 26.575 8.853 37.707 12.76 5.955 Left 444.613 461.715 391.847 487.929 334.844 506.879 293.716 528.145 269.826 538.229 290.882 428.951 254.056 502.667 284.913 513.938 300.028 498.023 301.61 434.499 272.081 518.764 303.974 524.506 315.912 504.881 317.008 450.787 298.327 531.213 329.056 532.812 338.413 511.314 336.963 472.759 328.582 534.71 352.359 534.819 361.375 516.817 28.011 34.82 85.593 40.31 81.684 69.525 75.244 63.271 64.928 74.043
4600 2 Right 705.615 466.783 712.024 411.898 739.485 369.713 779.747 349.665 808.262 347.848 741.902 349.327 802.525 326.054 823.54 338.891 832.71 352.251 767.439 364.092 829.617 311.042 864.155 276.692 888.155 249.576 789.924 386.498 844.603 328.175 875.189 295.187 895.908 267.113 808.968 414.394 851.188 370.069 872.671 345.234 892.101 323.739 42.575 18.025 55.094 35.837 28.683 23.144 9.284 36.018 8.875 11.767 Left 447.002 462.15 394.129 481.757 335.501 500.635 293.926 526.393 273.172 542.594 293.08 428.646 254.731 501.843 285.31 512.772 300.396 496.549 303.473 435.939 272.783 519.17 304.67 524.233 316.239 504.435 318.763 453.551 298.957 532.554 330.0 533.353 339.034 511.371 338.567 476.261 330.14 536.933 354.25 536.177 363.104 517.868 28.913 35.512 84.388 40.943 82.532 67.429 76.79 63.778 64.363 73.511
4700 2 Right 692.9 476.84 703.499 420.304 733.164 379.686 772.143 361.255 799.326 360.16 738.648 367.258 802.146 340.919 828.725 347.177 845.699 355.448 759.618 381.638 821.979 328.289 856.34 292.884 880.384 264.718 779.653 404.16 835.592 347.583 865.834 313.311 886.281 284.192 799.138 432.266 841.845 389.427 863.736 363.157 882.986 340.339 37.475 19.479 46.533 29.635 26.712 28.036 8.421 33.038 9.82 7.409 Left 449.698 461.791 396.109 478.232 337.163 497.998 295.396 526.45 274.937 544.738 295.527 428.736 255.8 502.33 286.955 513.774 302.66 497.774 306.022 436.103 274.208 519.901 306.492 524.952 318.363 505.075 321.236 453.935 300.048 533.469 331.739 534.072 341.137 511.789 340.812 476.755 331.078 537.912 356.004 536.619 365.452 517.947 30.526 37.125 82.121 39.721 81.917 65.955 77.948 61.206 64.941 71.896
4800 2 Right 667.425 498.55 677.144 446.543 708.286 410.017 743.76 391.18 773.053 382.913 733.136 402.405 792.45 358.901 824.214 332.386 847.153 312.068 749.398 415.736 808.01 365.379 838.625 332.647 860.112 307.318 764.146 435.007 818.508 386.825 846.13 355.16 863.992 329.603 778.836 459.574 822.952 426.775 845.062 402.947 860.923 381.2 12.595 13.121 15.967 22.37 14.722 23.642 12.483 13.629 10.826 20.802 Left 455.79 468.642 403.793 500.163 345.074 517.647 302.327 536.262 279.549 548.246 298.802 435.443 259.724 509.425 290.928 522.374 309.308 507.384 309.127 440.539 279.453 526.973 312.292 533.728 324.431 513.667 324.391 456.603 304.254 538.635 336.344 540.147 345.492 517.522 344.824 477.845 336.519 541.67 361.742 541.697 370.905 522.558 30.434 35.349 83.593 43.019 84.705 62.291 77.381 60.003 63.637 81.439
4900 2 Right 650.903 515.383 662.651 467.679 692.98 435.954 720.666 416.893 743.577 399.727 732.116 432.322 783.992 396.858 812.009 371.628 832.76 350.769 749.972 441.735 801.45 396.506 831.966 362.233 853.108 333.385 762.79 455.278 812.559 415.029 838.587 384.813 854.518 357.394 772.467 473.735 813.766 449.247 836.223 427.656 851.316 407.205 9.454 11.326 20.833 23.426 18.392 16.685 23.227 19.818 12.734 22.045 Left 460.796 470.224 406.034 501.546 347.909 520.773 306.603 541.598 283.302 557.014 301.102 438.381 261.374 511.275 293.707 524.474 312.148 509.667 311.436 443.662 280.813 528.89 314.831 536.146 328.142 516.572 326.732 460.304 307.07 542.663 340.455 544.643 350.949 522.445 347.285 482.6 339.206 547.622 365.402 547.553 375.723 528.345 27.705 33.516 84.606 42.102 81.103 67.466 76.315 63.857 65.305 75.206
5000 1 Left 467.942 474.25 412.848 498.887 351.975 516.81 308.528 539.834 286.12 557.379 306.465 440.675 266.396 514.463 298.263 528.525 317.421 514.396 316.675 446.926 286.667 533.153 320.175 540.264 333.434 521.03 332.285 463.78 312.5 546.458 345.568 547.649 356.132 525.714 353.232 485.857 344.28 550.985 370.174 550.561 380.448 531.591 27.839 34.399 82.403 42.316 82.097 63.526 75.525 62.558 64.127 78.593
5100 1 Left 471.057 473.138 413.759 481.538 350.763 501.561 307.293 535.039 288.344 559.914 311.135 439.973 269.474 513.533 301.205 526.136 318.771 511.193 321.656 449.286 289.648 533.686 322.879 538.327 336.055 518.657 337.19 468.489 315.987 548.747 348.739 548.419 359.931 526.716 356.946 492.421 347.383 554.695 373.238 553.035 383.802 534.99 31.644 38.829 83.338 36.278 82.204 63.211 77.377 58.353 63.3 71.041
