5
300 1 Right 480.767 332.419 527.5 340.321 575.433 330.383 611.564 325.864 636.581 327.23 579.042 255.218 604.697 219.643 617.047 198.358 627.503 177.239 560.854 240.955 592.211 194.356 611.933 168.476 626.776 145.26 535.367 235.053 569.06 196.221 568.589 227.465 561.049 252.618 506.595 236.826 534.107 221.391 533.532 247.518 524.847 269.917 17.182 8.114 13.31 37.391 28.015 3.289 87.481 28.419 73.277 57.172
900 1 Right 397.204 343.556 449.103 331.36 497.102 301.182 536.163 285.161 563.67 280.62 474.601 226.214 489.067 180.633 495.072 152.585 499.059 126.221 449.253 217.158 469.209 159.346 481.008 123.461 488.633 92.204 420.318 219.893 440.896 173.66 442.779 209.589 440.63 238.548 390.067 233.417 409.954 209.545 416.36 236.913 416.518 261.015 4.655 14.421 3.662 38.619 22.19 3.455 85.63 30.361 58.29 72.126
1300 1 Right 320.64 379.119 367.037 354.255 404.283 311.174 437.951 282.038 466.999 270.325 364.446 242.901 361.485 191.95 356.874 162.75 350.423 135.217 336.176 241.771 335.322 178.26 334.258 140.642 329.965 108.126 307.764 253.981 306.289 203.704 318.046 239.136 324.261 268.981 280.945 276.092 287.712 252.342 300.747 279.288 308.014 304.292 4.601 15.092 5.55 28.114 24.571 2.998 90.367 26.507 60.346 63.164
1700 1 Right 256.647 462.657 295.539 423.924 319.561 371.637 343.244 333.138 368.513 312.249 256.724 318.304 235.978 270.299 222.668 242.27 208.228 215.886 226.667 325.052 203.524 265.151 189.673 227.701 175.232 195.264 202.652 345.931 179.823 302.247 202.395 334.841 219.989 361.7 183.779 376.676 176.053 357.426 197.63 378.804 215.85 398.078 2.543 11.275 2.59 30.965 24.052 2.501 86.309 26.502 63.037 56.204
2200 1 Right 230.124 531.093 257.209 487.068 268.275 436.505 284.444 395.626 305.124 369.666 197.435 395.282 165.033 353.419 144.642 329.258 124.284 305.643 167.741 406.878 130.34 354.647 106.328 321.332 85.129 291.732 148.805 433.734 110.748 398.699 143.077 431.264 170.093 454.154 140.655 469.634 117.617 454.456 146.17 473.319 171.588 488.172 3.841 8.176 10.286 31.514 29.905 5.372 89.518 22.664 68.916 55.693
20
300 1 Right 480.767 332.419 527.5 340.321 575.433 330.383 611.564 325.864 636.581 327.23 579.042 255.218 604.697 219.643 617.047 198.358 627.503 177.239 560.854 240.955 592.211 194.356 611.933 168.476 626.776 145.26 535.367 235.053 569.06 196.221 568.589 227.465 561.049 252.618 506.595 236.826 534.107 221.391 533.532 247.518 524.847 269.917 17.182 8.114 13.31 37.391 28.015 3.289 87.481 28.419 73.277 57.172
400 1 Right 475.966 332.433 521.133 338.75 569.38 327.1 606.46 322.478 632.605 324.952 572.639 253.415 598.291 217.792 611.149 196.084 621.909 174.767 553.319 239.163 585.427 190.98 605.168 163.838 619.545 139.954 527.174 234.17 560.169 195.415 560.38 226.421 553.484 252.308 497.941 236.854 526.052 219.523 526.411 246.228 518.475 270.298 11.589 11.01 11.529 37.608 26.238 3.434 86.825 26.82 69.307 65.277
500 1 Right 470.209 332.476 516.129 336.934 564.454 324.107 601.183 319.082 627.558 320.518 566.09 250.147 591.094 212.909 603.469 190.304 613.622 168.199 546.556 236.388 578.555 187.853 598.465 160.213 613.062 135.87 519.977 231.777 552.579 193.026 552.539 224.988 545.782 251.448 490.32 235.215 517.829 217.622 518.612 244.957 511.348 269.361 12.314 11.432 11.417 38.667 25.522 3.966 89.11 25.388 71.395 64.113
600 1 Right 461.644 332.633 507.575 335.814 556.226 320.719 594.112 314.224 620.738 315.766 554.803 247.835 579.128 209.813 591.061 186.581 600.967 164.167 534.376 234.459 565.313 184.311 585.573 156.074 600.749 131.785 507.178 230.322 538.931 191.327 538.84 223.595 532.049 250.445 477.459 234.301 505.22 216.572 506.187 243.336 498.804 267.481 9.643 12.145 12.106 39.564 22.887 3.623 93.749 23.822 68.069 70.997
700 1 Right 450.542 332.227 497.5 333.413 546.174 316.008 584.282 307.497 611.665 307.658 541.3 242.443 564.061 201.132 575.041 175.671 583.533 151.664 519.821 229.998 548.675 177.237 567.121 147.234 580.81 121.43 492.414 227.144 521.118 186.091 518.587 221.06 510.981 250.009 462.93 232.675 488.377 213.351 489.857 240.826 483.444 266.1 7.278 15.312 14.561 35.572 22.071 2.739 102.613 22.516 66.615 74.009
800 1 Right 434.359 332.734 483.398 330.895 532.134 309.886 569.829 299.267 597.964 299.141 522.895 234.495 542.494 191.418 551.778 165.102 558.637 140.077 500.693 223.81 527.057 170.455 543.341 138.489 554.887 110.292 472.657 223.152 498.512 181.314 497.323 216.521 491.046 244.738 442.628 231.616 466.774 210.653 469.64 237.941 464.312 262.817 3.145 18.285 13.756 35.682 23.618 4.632 101.921 19.271 63.71 75.034
900 1 Right 397.204 343.556 449.103 331.36 497.102 301.182 536.163 285.161 563.67 280.62 474.601 226.214 489.067 180.633 495.072 152.585 499.059 126.221 449.253 217.158 469.209 159.346 481.008 123.461 488.633 92.204 420.318 219.893 440.896 173.66 442.779 209.589 440.63 238.548 390.067 233.417 409.954 209.545 416.36 236.913 416.518 261.015 4.655 14.421 3.662 38.619 22.19 3.455 85.63 30.361 58.29 72.126
1000 1 Right 376.304 345.674 427.41 330.839 473.325 297.323 509.742 277.207 539.822 272.369 446.618 224.966 456.439 176.874 460.176 147.959 461.465 119.958 420.794 218.606 435.791 157.986 444.58 123.223 448.532 91.338 391.023 223.958 405.62 177.082 411.379 213.912 410.319 243.217 360.105 238.661 377.004 215.727 384.998 243.317 384.669 267.962 2.506 7.163 10.666 31.519 23.08 8.843 96.867 17.748 66.228 66.077
1100 1 Right 356.128 352.113 405.963 334.349 449.356 298.632 484.996 275.601 514.62 267.325 417.872 226.379 423.546 176.982 424.264 147.971 422.896 120.252 391.456 221.665 400.828 159.694 406.365 123.894 407.607 92.105 362.128 229.564 370.732 180.593 377.92 216.802 379.21 246.526 332.719 247.102 344.877 225.765 354.805 252.746 357.599 277.096 2.701 13.178 8.064 31.527 24.763 7.235 96.163 19.005 64.526 62.54
1200 1 Right 338.077 364.228 386.263 342.883 426.338 303.051 460.991 277.012 489.809 267.398 390.454 233.302 391.68 182.846 389.51 153.784 385.417 125.833 362.873 230.811 367.03 167.689 369.259 130.5 367.69 97.764 334.194 241.072 338.243 190.75 347.588 227.057 351.154 257.044 306.181 260.923 315.715 237.619 327.55 265.209 332.965 290.532 5.382 14.062 4.912 29.277 24.947 4.681 91.571 24.411 60.386 63.42
1300 1 Right 320.64 379.119 367.037 354.255 404.283 311.174 437.951 282.038 466.999 270.325 364.446 242.901 361.485 191.95 356.874 162.75 350.423 135.217 336.176 241.771 335.322 178.26 334.258 140.642 329.965 108.126 307.764 253.981 306.289 203.704 318.046 239.136 324.261 268.981 280.945 276.092 287.712 252.342 300.747 279.288 308.014 304.292 4.601 15.092 5.55 28.114 24.571 2.998 90.367 26.507 60.346 63.164
1400 1 Right 289.363 414.201 335.235 380.899 367.701 331.355 399.073 296.788 427.457 280.369 318.5 271.099 307.823 219.563 299.433 190.133 290.001 161.786 289.13 272.713 276.797 208.293 269.866 169.866 261.228 136.417 261.208 288.235 250.641 239.328 268.367 275.33 280.293 303.514 235.418 314.228 235.601 292.216 253.572 317.84 266.112 339.787 7.946 10.462 6.683 34.007 22.384 5.706 92.216 26.394 60.968 59.805
1500 1 Right 277.45 430.707 320.198 395.348 348.166 345.038 375.705 309.507 402.166 292.215 294.446 284.706 280.463 234.626 269.805 205.988 257.616 178.877 264.729 288.505 250.383 226.205 241.033 188.149 230.042 155.184 238.594 306.454 223.877 258.995 242.947 294.499 257.011 323.524 216.234 334.551 213.755 314.95 232.955 339.463 248.532 361.231 1.801 11.387 2.945 28.855 23.982 2.807 88.33 28.214 59.99 60.432
1600 1 Right 267.847 447.041 308.334 409.322 333.764 357.28 359.996 320.415 385.933 301.746 274.749 300.58 257.053 251.769 245.215 223.805 232.449 197.172 244.823 306.234 225.5 246.309 213.847 208.848 201.273 175.942 219.812 325.695 200.986 280.662 221.909 315.494 237.678 344.215 199.54 354.831 194.73 335.535 214.65 358.343 231.077 378.97 2.226 13.15 3.759 30.23 23.695 1.482 89.597 27.759 61.354 59.948
1700 1 Right 256.647 462.657 295.539 423.924 319.561 371.637 343.244 333.138 368.513 312.249 256.724 318.304 235.978 270.299 222.668 242.27 208.228 215.886 226.667 325.052 203.524 265.151 189.673 227.701 175.232 195.264 202.652 345.931 179.823 302.247 202.395 334.841 219.989 361.7 183.779 376.676 176.053 357.426 197.63 378.804 215.85 398.078 2.543 11.275 2.59 30.965 24.052 2.501 86.309 26.502 63.037 56.204
1800 1 Right 250.674 478.043 287.056 438.214 307.026 384.177 328.477 344.754 353.683 323.518 243.027 335.79 219.851 288.046 204.966 260.292 188.812 234.076 212.912 343.953 187.493 284.52 170.926 247.477 153.868 215.642 189.504 366.05 162.786 321.801 186.88 353.432 206.265 380.02 172.022 397.617 161.761 378.66 184.633 399.592 204.581 418.715 2.356 9.718 3.064 29.724 24.709 1.061 89.19 26.179 64.142 56.216
1900 1 Right 237.814 508.715 269.684 464.468 286.983 411.407 305.566 370.153 328.726 345.24 217.615 366.937 190.29 321.189 173.028 295.695 154.332 270.946 187.359 377.497 155.893 320.854 135.172 284.907 114.825 253.773 167.0 401.837 136.679 364.315 163.75 397.177 185.319 421.216 154.711 435.826 138.485 418.006 163.971 439.391 186.178 456.903 3.988 6.023 2.22 34.798 19.416 8.483 81.751 30.87 61.631 60.133
2000 1 Right 234.548 519.175 263.716 476.16 277.082 422.99 294.164 382.036 318.282 355.818 208.659 380.583 178.883 335.409 159.625 309.284 140.451 283.709 178.587 392.6 144.313 338.139 122.382 303.455 101.622 272.133 158.016 418.552 124.474 379.353 154.624 411.986 179.22 436.616 146.307 452.988 128.56 436.555 155.169 456.718 179.081 473.296 8.344 10.373 3.438 30.925 25.324 4.424 89.474 24.98 63.029 56.047
2100 1 Right 231.999 526.198 259.784 482.579 272.389 430.733 288.774 390.407 309.807 364.17 201.433 390.599 169.949 346.103 150.239 320.684 130.843 296.273 172.066 402.52 135.545 349.186 111.59 315.041 89.899 285.321 152.878 428.838 115.714 391.443 146.313 422.888 171.801 446.142 143.473 463.891 121.121 446.915 147.955 465.251 172.022 480.829 3.915 11.161 6.993 31.627 24.678 4.592 88.813 24.572 65.189 60.804
2200 1 Right 230.124 531.093 257.209 487.068 268.275 436.505 284.444 395.626 305.124 369.666 197.435 395.282 165.033 353.419 144.642 329.258 124.284 305.643 167.741 406.878 130.34 354.647 106.328 321.332 85.129 291.732 148.805 433.734 110.748 398.699 143.077 431.264 170.093 454.154 140.655 469.634 117.617 454.456 146.17 473.319 171.588 488.172 3.841 8.176 10.286 31.514 29.905 5.372 89.518 22.664 68.916 55.693
