6
700 1 Right 250.214 735.482 282.293 671.225 333.51 648.986 369.192 653.949 390.82 672.363 381.362 635.39 432.352 633.661 431.874 642.901 420.967 647.934 394.516 673.915 421.592 678.326 404.947 684.353 386.395 687.158 394.779 713.974 406.024 709.276 389.972 712.413 371.485 714.214 388.884 747.565 393.321 738.653 378.499 739.127 362.242 739.388 23.409 21.589 7.105 45.685 27.302 23.699 9.391 33.456 21.551 60.607
1500 1 Right 201.761 674.51 221.528 618.017 258.08 573.083 298.385 552.247 330.835 546.061 260.151 542.596 323.385 507.824 363.132 494.969 394.411 488.508 269.231 560.46 337.384 518.153 381.493 502.97 415.835 496.595 282.652 588.779 348.258 551.117 392.09 541.276 425.075 539.905 297.753 622.67 349.751 597.786 381.829 589.209 409.759 585.755 34.674 14.306 26.237 17.658 36.585 12.028 21.658 23.828 18.34 20.386
1700 1 Right 192.977 626.907 248.225 581.836 260.105 531.608 259.301 496.441 247.63 473.519 209.472 484.387 223.823 437.921 234.124 401.023 240.634 368.697 196.584 487.246 214.704 430.407 225.922 387.719 232.83 348.168 191.002 497.749 211.358 441.016 223.224 402.753 230.335 368.856 193.662 512.681 205.015 470.304 212.383 440.003 218.994 413.597 25.447 39.873 13.309 34.434 7.258 4.683 9.659 8.498 0.494 10.326
2200 1 Right 280.655 608.928 328.043 560.932 334.714 516.121 335.75 482.667 333.643 450.581 268.888 480.216 286.838 429.277 299.232 389.67 306.502 356.204 265.394 482.068 284.468 422.608 296.753 379.953 303.4 340.511 274.973 487.779 291.674 428.581 301.007 386.319 306.52 350.714 294.929 494.817 302.777 450.212 305.699 417.713 310.419 390.615 14.103 26.674 2.99 25.832 4.264 9.893 4.087 8.951 6.2 2.377
2400 1 Right 329.472 631.552 392.012 594.476 428.236 551.775 454.329 522.143 478.807 501.661 403.816 504.183 457.749 476.914 497.915 457.563 529.321 441.315 400.73 510.871 463.03 477.146 506.496 457.139 540.43 438.147 404.845 526.903 463.894 492.517 504.05 470.366 534.286 452.057 416.035 550.185 458.925 522.013 488.008 501.994 511.894 484.985 12.975 10.757 11.572 24.555 8.727 24.615 6.46 20.96 3.977 11.737
3000 1 Right 376.214 632.319 408.799 593.581 453.792 573.197 491.824 572.813 517.804 581.544 472.114 556.117 537.613 560.818 576.66 562.747 606.422 562.293 480.006 572.582 549.859 570.343 591.75 568.547 624.787 564.739 484.918 596.184 550.656 587.895 589.548 582.687 620.523 575.478 487.304 624.117 538.354 613.438 569.259 606.795 596.254 600.334 6.889 12.2 12.538 6.3 14.766 14.195 12.31 19.204 9.799 16.111
24
700 1 Right 250.214 735.482 282.293 671.225 333.51 648.986 369.192 653.949 390.82 672.363 381.362 635.39 432.352 633.661 431.874 642.901 420.967 647.934 394.516 673.915 421.592 678.326 404.947 684.353 386.395 687.158 394.779 713.974 406.024 709.276 389.972 712.413 371.485 714.214 388.884 747.565 393.321 738.653 378.499 739.127 362.242 739.388 23.409 21.589 7.105 45.685 27.302 23.699 9.391 33.456 21.551 60.607
800 1 Right 259.531 737.706 289.168 674.858 337.571 650.871 373.726 652.771 395.814 669.973 384.194 638.823 436.092 635.634 438.454 642.734 428.062 648.234 397.775 676.658 423.457 677.097 407.684 679.721 388.671 681.65 399.373 715.215 411.887 708.569 397.798 710.413 379.494 712.947 395.198 747.149 402.198 737.852 388.863 736.946 372.67 736.994 17.963 25.71 10.118 50.096 26.15 1.656 20.337 27.367 13.055 83.432
900 1 Right 255.622 742.64 283.553 680.717 332.077 658.05 367.551 662.096 389.005 680.276 380.068 643.595 432.075 641.27 436.567 649.979 428.266 657.934 393.232 680.34 415.87 685.841 399.228 689.827 381.5 691.462 393.896 719.143 404.608 716.362 389.369 719.444 371.956 721.274 388.909 752.151 394.516 746.484 380.121 747.48 364.137 747.54 14.729 29.2 13.989 62.238 31.841 9.101 18.545 30.114 22.941 74.945
1000 1 Right 252.418 740.702 282.253 679.353 331.893 657.44 367.434 660.962 388.931 677.964 378.433 642.697 430.402 644.092 435.089 651.44 426.892 655.589 391.237 678.978 416.484 683.675 400.014 688.168 381.435 689.004 392.469 717.186 403.534 714.33 388.095 718.43 369.898 719.958 387.837 749.934 391.211 744.551 376.274 746.116 359.883 746.003 14.863 33.484 15.912 57.173 35.49 5.411 23.031 27.794 20.638 68.656
1100 1 Right 250.306 739.47 279.468 678.62 328.78 657.154 364.361 661.037 385.72 678.364 375.936 642.04 427.769 643.375 436.389 648.712 433.011 651.276 388.881 678.291 414.145 683.686 397.714 687.514 379.654 688.018 390.177 716.481 402.259 714.138 386.85 717.537 368.766 718.674 385.773 749.017 389.641 743.913 374.866 745.19 358.587 744.895 14.773 29.967 8.494 34.826 29.537 6.86 23.257 25.796 17.577 72.394
1200 1 Right 244.598 728.402 275.003 671.033 324.238 650.002 360.995 655.344 382.563 672.06 368.102 633.905 426.321 635.255 437.639 643.955 436.317 647.315 380.336 669.381 419.364 675.204 403.98 682.472 384.316 683.278 381.985 706.989 406.27 705.029 390.652 709.748 371.855 710.727 377.701 739.911 391.438 733.428 376.907 735.539 360.551 736.118 22.434 31.694 19.479 24.273 37.234 10.476 19.16 22.016 19.259 57.412
1300 1 Right 234.502 722.192 263.467 661.985 312.966 639.708 349.593 647.207 372.183 665.77 352.302 622.014 404.872 617.321 428.675 619.204 442.525 618.607 367.293 654.638 415.585 658.967 401.607 670.079 381.649 674.129 372.828 691.127 413.335 691.299 396.803 698.481 376.218 700.685 371.117 724.207 398.239 718.547 385.569 723.835 368.389 726.215 31.446 31.583 14.501 12.459 36.906 17.518 16.433 33.967 27.018 40.425
1400 1 Right 216.485 698.829 240.508 637.694 283.566 603.977 323.655 593.728 354.841 592.436 298.078 576.658 360.914 548.146 396.026 537.776 419.984 532.501 311.313 597.853 385.935 577.242 412.709 585.139 419.346 599.271 321.103 630.183 390.224 612.751 412.032 619.076 415.547 628.451 327.56 666.423 380.302 656.91 397.992 657.158 403.213 658.471 20.974 20.052 38.826 13.156 49.298 32.439 47.311 31.948 29.954 41.928
1500 1 Right 201.761 674.51 221.528 618.017 258.08 573.083 298.385 552.247 330.835 546.061 260.151 542.596 323.385 507.824 363.132 494.969 394.411 488.508 269.231 560.46 337.384 518.153 381.493 502.97 415.835 496.595 282.652 588.779 348.258 551.117 392.09 541.276 425.075 539.905 297.753 622.67 349.751 597.786 381.829 589.209 409.759 585.755 34.674 14.306 26.237 17.658 36.585 12.028 21.658 23.828 18.34 20.386
1600 1 Right 203.251 654.638 256.855 611.697 271.801 562.444 272.59 523.892 265.824 497.766 223.448 511.328 242.596 456.107 260.533 418.517 277.108 387.124 218.423 513.455 242.947 448.289 262.766 406.648 279.582 368.753 221.659 526.944 242.855 461.111 259.043 423.134 272.527 389.901 232.417 547.825 242.293 503.078 251.732 472.188 261.105 443.976 33.115 15.943 11.831 39.466 8.563 11.369 16.869 17.329 8.219 6.127
1700 1 Right 192.977 626.907 248.225 581.836 260.105 531.608 259.301 496.441 247.63 473.519 209.472 484.387 223.823 437.921 234.124 401.023 240.634 368.697 196.584 487.246 214.704 430.407 225.922 387.719 232.83 348.168 191.002 497.749 211.358 441.016 223.224 402.753 230.335 368.856 193.662 512.681 205.015 470.304 212.383 440.003 218.994 413.597 25.447 39.873 13.309 34.434 7.258 4.683 9.659 8.498 0.494 10.326
1800 1 Right 201.794 603.019 243.381 556.148 245.826 504.165 242.274 469.803 227.831 447.627 205.133 464.426 211.738 415.195 214.382 378.9 213.551 345.872 192.869 462.151 197.933 406.024 199.09 362.099 197.93 323.741 183.549 467.037 191.094 410.3 193.902 369.225 193.341 333.436 180.508 475.395 186.284 425.411 190.326 390.805 194.223 360.953 20.476 30.183 10.132 21.722 14.287 5.48 7.66 7.957 1.866 6.861
1900 1 Right 209.091 601.787 248.455 554.664 247.575 499.379 243.347 463.343 228.569 439.408 207.931 461.675 211.971 411.198 213.561 375.617 210.924 344.33 195.731 460.249 198.604 402.947 198.962 361.14 196.132 325.523 186.888 467.404 192.305 408.511 194.727 367.965 192.834 333.425 183.683 478.903 188.874 427.752 191.013 392.735 192.509 361.997 20.988 26.508 11.518 22.757 8.553 8.032 3.982 12.933 2.954 1.851
2000 1 Right 222.963 598.6 261.646 553.866 261.406 498.578 254.669 461.951 238.636 436.493 214.846 456.626 215.704 406.534 214.028 367.941 209.064 335.033 201.333 459.194 204.801 402.22 205.102 360.943 202.124 323.948 194.449 469.123 200.747 411.971 203.228 372.321 202.052 337.406 194.3 482.496 201.187 434.577 203.131 401.324 204.876 372.589 17.543 31.714 9.802 18.957 10.098 1.748 8.37 4.77 5.512 8.302
2100 1 Right 255.332 603.789 301.954 553.677 301.526 503.55 298.187 468.105 292.024 440.9 238.093 471.181 256.237 421.097 265.977 382.882 271.033 352.121 230.136 472.311 247.014 411.703 253.998 368.62 256.402 328.076 233.791 477.144 250.01 416.171 255.715 374.282 257.891 338.349 248.202 482.7 255.921 435.795 256.628 402.899 258.136 374.918 16.295 21.102 6.746 26.767 5.572 11.812 4.382 15.797 5.258 14.938
2200 1 Right 280.655 608.928 328.043 560.932 334.714 516.121 335.75 482.667 333.643 450.581 268.888 480.216 286.838 429.277 299.232 389.67 306.502 356.204 265.394 482.068 284.468 422.608 296.753 379.953 303.4 340.511 274.973 487.779 291.674 428.581 301.007 386.319 306.52 350.714 294.929 494.817 302.777 450.212 305.699 417.713 310.419 390.615 14.103 26.674 2.99 25.832 4.264 9.893 4.087 8.951 6.2 2.377
2300 1 Right 316.881 623.647 366.101 576.533 387.827 523.004 404.653 487.447 425.664 463.476 346.517 485.535 393.295 445.554 425.215 415.08 451.428 389.426 343.257 492.011 397.073 442.143 433.589 407.197 464.164 376.443 351.461 506.561 400.211 457.021 435.678 423.479 464.374 396.361 368.003 526.446 403.034 487.451 426.103 459.901 445.744 436.036 30.944 24.918 9.535 17.96 14.342 17.263 0.416 13.955 6.028 20.594
2400 1 Right 329.472 631.552 392.012 594.476 428.236 551.775 454.329 522.143 478.807 501.661 403.816 504.183 457.749 476.914 497.915 457.563 529.321 441.315 400.73 510.871 463.03 477.146 506.496 457.139 540.43 438.147 404.845 526.903 463.894 492.517 504.05 470.366 534.286 452.057 416.035 550.185 458.925 522.013 488.008 501.994 511.894 484.985 12.975 10.757 11.572 24.555 8.727 24.615 6.46 20.96 3.977 11.737
2500 1 Right 346.659 638.293 384.387 587.126 430.861 560.269 467.099 552.674 493.07 556.245 454.503 530.928 522.031 527.8 563.768 523.604 596.69 518.747 462.028 545.253 533.016 536.788 575.904 531.036 609.312 522.743 466.948 568.085 533.478 555.444 574.355 546.952 605.742 535.966 471.838 597.627 520.845 582.487 551.662 573.259 577.5 562.404 4.647 5.695 23.84 8.593 14.403 27.865 15.711 20.651 8.965 24.766
2600 1 Right 365.107 636.69 407.462 594.617 452.902 573.169 489.825 567.29 516.562 569.942 466.642 545.528 532.093 546.924 570.44 549.634 600.253 549.917 474.465 559.593 545.679 555.741 585.607 555.926 617.063 553.263 479.318 582.039 546.316 570.239 586.057 562.98 618.378 553.546 483.41 611.386 533.103 597.405 563.768 590.199 591.078 583.108 6.648 9.781 16.474 6.128 11.428 16.362 7.166 19.568 14.46 13.149
2700 1 Right 370.826 636.871 408.324 599.146 454.996 579.182 493.64 577.011 520.108 582.941 474.475 555.133 539.12 561.006 577.461 565.045 606.692 566.468 481.678 571.11 552.322 570.593 593.42 570.199 626.09 567.021 485.121 594.982 551.947 586.999 591.983 582.209 624.368 575.33 486.425 624.54 537.407 613.677 569.415 608.114 597.807 602.835 1.349 6.828 15.646 10.362 14.111 12.941 11.3 17.397 9.203 17.175
2800 1 Right 371.936 635.699 407.608 598.898 454.866 580.253 493.844 581.54 519.865 589.282 472.526 557.585 536.383 563.664 574.962 568.045 604.523 569.372 481.245 573.878 550.079 573.045 591.855 571.923 625.493 567.9 486.502 597.274 551.069 590.286 590.425 585.466 622.182 578.155 489.211 624.92 539.14 614.605 570.509 608.488 598.71 602.861 6.438 9.207 16.153 8.726 20.484 11.505 6.181 21.802 12.684 14.924
2900 1 Right 375.362 634.403 408.721 596.536 454.424 577.422 492.497 578.791 517.119 587.927 473.33 558.551 538.174 564.164 576.781 566.849 605.945 566.563 481.906 574.879 551.333 573.598 592.876 572.054 625.721 567.958 486.852 598.084 552.487 590.653 591.372 585.659 622.51 578.32 489.242 625.584 540.193 615.389 571.136 609.255 598.512 603.226 3.913 14.89 16.685 12.207 16.327 14.621 10.201 20.06 11.244 18.208
3000 1 Right 376.214 632.319 408.799 593.581 453.792 573.197 491.824 572.813 517.804 581.544 472.114 556.117 537.613 560.818 576.66 562.747 606.422 562.293 480.006 572.582 549.859 570.343 591.75 568.547 624.787 564.739 484.918 596.184 550.656 587.895 589.548 582.687 620.523 575.478 487.304 624.117 538.354 613.438 569.259 606.795 596.254 600.334 6.889 12.2 12.538 6.3 14.766 14.195 12.31 19.204 9.799 16.111
