6867
69
0 0
100 0
200 0
300 1 Left 977.657 872.038 920.46 864.113 876.548 882.253 851.784 913.517 839.981 942.397 935.042 937.547 889.956 962.585 887.88 937.746 903.09 917.011 958.855 959.092 902.283 981.187 898.454 958.709 912.399 940.977 970.571 972.225 916.597 988.26 915.596 967.466 929.643 950.718 975.87 978.612 933.792 989.37 932.1 971.761 942.328 955.779 22.84 11.81 96.671 54.017 116.082 33.054 104.111 25.838 101.212 32.835
400 0
500 2 Left 970.295 748.995 922.495 698.372 873.075 664.758 825.192 676.497 801.752 715.063 922.551 652.761 840.013 685.661 829.244 699.495 838.313 703.655 944.034 693.139 843.842 734.369 858.154 732.656 883.412 723.374 958.323 734.854 858.123 770.126 878.246 765.3 907.027 756.441 964.051 775.022 886.562 793.768 900.657 788.337 928.512 781.769 30.086 23.711 80.396 27.012 97.449 44.548 81.228 39.5 83.203 49.211 Right 128.734 768.661 174.46 733.963 220.366 718.526 251.592 735.978 264.964 778.014 152.759 715.632 215.73 737.446 239.719 758.336 235.002 769.708 121.56 752.508 201.498 785.93 216.269 800.967 200.77 801.617 103.563 789.122 180.534 817.573 193.3 826.859 178.453 823.659 95.477 820.074 159.016 842.503 170.624 849.696 160.216 851.06 34.744 45.322 84.68 35.909 82.418 53.201 77.828 47.647 82.913 32.679
600 0
700 2 Left 950.899 598.69 916.072 551.947 854.173 527.012 794.508 530.866 759.211 546.857 849.58 492.607 763.645 519.874 773.914 537.778 799.412 533.872 864.641 521.294 775.793 560.806 792.65 569.367 813.906 563.001 875.716 558.937 793.129 593.224 811.087 597.567 832.89 590.39 884.796 600.158 816.835 620.084 830.212 621.807 852.702 617.686 39.29 12.148 92.984 66.891 87.529 48.128 68.08 41.843 75.01 60.924 Right 140.918 615.954 167.809 572.881 227.651 547.895 281.498 549.991 318.012 559.127 208.176 513.324 285.332 520.479 269.53 542.756 243.783 545.85 204.587 546.881 286.068 561.3 264.593 578.398 237.214 575.834 202.586 586.028 280.376 602.413 258.826 612.94 232.347 610.119 202.021 625.767 262.382 634.312 247.122 637.683 225.149 635.105 43.732 37.594 89.564 39.07 107.693 25.203 23.136 21.526 39.428 22.473
800 2 Left 925.297 565.212 878.482 513.189 810.854 490.357 753.621 499.509 714.83 511.613 810.172 447.181 740.185 475.217 753.813 490.356 774.481 484.587 819.855 480.432 740.196 512.689 759.967 523.073 782.601 517.265 827.819 518.87 756.232 550.323 779.615 553.131 802.347 543.145 836.851 557.925 778.904 579.32 798.342 578.602 819.063 567.837 43.387 9.155 83.275 40.26 88.697 39.559 85.409 17.786 64.768 48.821 Right 147.444 576.225 194.267 525.148 253.813 497.794 306.117 499.146 341.18 505.552 233.266 449.281 303.871 467.435 292.421 485.868 273.541 485.798 228.719 480.329 307.206 500.474 292.453 514.644 272.846 510.886 227.214 518.677 302.226 541.119 282.294 547.777 260.574 541.011 225.799 558.734 287.018 570.099 271.769 572.516 250.359 567.323 51.292 13.185 68.457 48.022 83.613 52.784 73.02 40.007 69.991 46.161
900 2 Left 903.967 536.224 864.25 491.289 799.75 470.869 741.212 483.577 703.697 495.865 793.966 425.336 720.969 450.835 735.691 472.942 758.26 471.115 802.907 456.955 725.564 493.626 748.781 505.057 771.686 496.332 811.846 494.831 744.045 531.106 768.981 535.433 790.036 523.348 820.478 533.567 767.113 560.04 786.996 560.607 805.867 548.589 42.127 5.186 83.588 36.627 94.261 44.632 86.429 21.193 65.861 45.432 Right 160.957 543.195 204.642 491.656 270.322 466.28 328.476 472.301 358.402 489.681 248.812 421.408 325.807 434.14 312.559 458.639 288.71 459.285 241.976 454.782 323.223 473.991 305.06 490.274 281.563 484.34 238.024 494.368 314.892 514.938 294.177 523.296 271.126 515.434 235.795 535.119 298.911 545.088 282.743 548.761 260.866 543.153 46.876 10.814 73.806 39.67 84.348 44.147 66.056 41.381 66.874 45.739
1000 2 Left 888.548 509.749 851.584 466.47 788.509 445.242 730.316 457.323 693.659 471.41 775.798 401.442 702.335 428.955 716.882 453.313 738.771 451.708 783.748 430.857 706.792 471.778 730.244 485.096 752.558 475.232 792.592 467.075 726.578 507.772 752.8 513.719 773.529 500.011 802.14 504.202 752.484 535.476 773.36 537.584 791.561 524.696 41.177 10.123 84.011 36.635 96.23 44.863 80.317 29.393 66.454 46.303 Right 173.762 509.627 214.331 462.318 276.382 437.019 333.02 441.801 367.124 456.274 262.129 387.462 338.173 398.536 326.013 425.604 304.168 430.057 255.652 418.057 335.816 440.068 316.668 456.795 293.176 451.762 251.109 456.011 327.219 479.291 306.564 488.426 284.956 481.329 248.235 495.99 310.324 507.436 294.491 511.771 273.696 506.795 47.094 8.473 73.75 46.451 81.121 50.924 71.382 38.277 69.686 34.6
1100 2 Left 874.763 498.114 837.921 456.137 772.672 438.659 714.892 452.881 676.904 466.975 760.366 389.393 687.064 418.076 704.337 442.086 725.124 439.391 768.045 417.989 692.24 457.712 717.003 472.93 738.513 465.192 776.619 453.505 713.353 494.912 740.569 502.391 760.755 490.85 786.606 489.766 739.187 521.14 761.09 523.222 779.155 511.357 43.539 12.696 86.386 31.437 90.135 49.646 74.875 33.804 65.712 40.621 Right 182.197 491.374 224.526 447.115 287.288 424.826 345.887 429.912 380.072 439.039 272.136 367.188 349.499 382.404 337.646 409.667 315.715 413.353 264.666 396.504 346.233 422.127 328.524 441.416 306.533 437.384 259.758 432.752 333.077 462.347 312.565 472.697 290.904 464.458 256.755 471.291 317.521 489.928 302.49 495.091 281.958 488.3 36.661 19.058 72.599 41.584 79.118 48.088 72.327 26.54 69.843 37.478
1200 2 Left 872.007 496.009 833.956 452.936 767.124 434.188 708.882 447.125 669.706 462.267 754.998 385.112 681.642 416.757 697.409 439.736 719.484 438.241 763.848 412.944 688.789 458.12 712.618 472.437 734.839 463.224 772.427 448.36 708.402 492.178 735.57 499.813 756.537 487.602 781.59 485.546 732.499 517.866 755.196 521.159 774.438 509.761 47.151 5.952 81.474 40.928 85.109 53.575 76.464 36.07 69.373 49.371 Right 181.479 485.117 228.087 441.201 292.208 418.882 351.903 420.968 382.024 428.14 274.855 363.727 351.448 380.342 339.373 407.305 317.336 409.531 267.998 392.814 347.839 419.093 330.617 437.699 309.974 431.112 263.589 428.969 336.733 459.04 317.915 468.535 298.125 458.247 261.152 467.334 318.99 486.107 303.903 490.456 284.724 482.252 37.934 17.46 76.675 39.988 84.025 48.889 70.575 29.836 72.298 41.946
1300 2 Left 864.744 490.261 828.926 446.204 763.148 427.306 704.382 440.76 666.052 457.293 745.07 380.988 673.284 413.516 688.188 436.844 710.192 434.798 753.447 408.79 677.204 453.423 700.085 468.968 722.377 460.316 762.619 443.475 699.28 488.603 726.213 495.882 747.138 483.141 772.731 479.417 726.158 513.539 748.893 516.593 768.074 504.945 45.417 11.266 80.041 40.799 82.849 53.697 78.754 37.301 63.971 51.864 Right 188.377 481.115 230.108 434.002 293.131 411.665 353.558 416.24 389.373 427.403 279.243 359.806 357.705 374.953 346.23 402.042 323.825 405.803 272.543 390.187 353.708 415.169 337.176 433.216 315.962 427.74 267.655 427.437 342.396 454.149 323.751 463.998 303.122 455.748 264.397 466.312 323.517 482.983 309.987 487.011 291.301 479.45 32.368 13.523 74.615 39.114 84.409 41.112 66.146 30.911 69.326 35.654
1400 2 Left 860.628 489.282 821.549 448.076 755.268 430.426 697.233 445.197 656.809 459.605 743.421 378.971 670.839 407.727 682.82 433.188 703.954 434.033 751.848 406.256 676.036 448.337 697.16 466.394 719.263 459.493 760.016 441.339 696.561 485.375 722.485 495.147 743.127 483.715 768.076 478.512 720.277 512.502 742.33 516.942 760.992 505.501 45.484 6.659 78.832 39.884 82.806 55.185 73.876 37.622 67.851 52.126 Right 186.603 482.582 230.305 439.897 295.757 419.576 357.446 422.639 392.55 428.194 282.154 362.55 359.925 374.685 348.169 403.497 325.309 406.864 275.902 391.705 356.251 414.868 338.9 435.675 318.251 429.515 271.268 428.419 343.52 455.659 324.688 466.773 304.591 456.88 268.064 467.409 326.897 485.518 312.155 490.056 292.304 481.489 40.657 19.811 74.543 42.169 86.448 47.489 69.533 29.322 68.981 49.752
1500 2 Left 859.173 488.07 818.228 446.187 750.18 430.585 690.451 446.643 649.432 457.995 745.574 379.318 669.194 403.01 678.125 430.736 699.424 433.958 753.18 406.564 672.314 441.685 690.847 462.464 714.076 457.657 760.16 441.863 695.183 483.21 718.961 493.453 739.906 482.199 766.678 478.898 718.53 511.298 739.56 516.019 758.106 504.512 40.306 10.841 76.67 39.382 83.747 54.035 72.876 39.092 68.34 51.401 Right 185.689 483.762 229.687 439.657 296.372 420.71 359.105 426.597 398.558 432.656 281.555 367.077 362.13 372.687 353.457 404.99 331.408 412.032 276.095 397.516 359.078 414.651 343.72 438.174 321.958 435.004 271.799 435.03 344.631 458.995 327.239 471.14 306.686 462.639 268.328 474.208 326.931 489.317 313.719 493.637 294.122 485.581 45.635 21.544 76.25 44.042 84.18 46.867 63.317 31.877 60.736 56.19
1600 2 Left 865.791 481.533 821.432 438.208 753.19 427.831 696.758 448.209 657.921 469.211 744.89 387.208 672.09 390.852 634.047 406.447 606.726 425.233 751.067 416.061 667.444 435.401 627.592 457.582 599.361 475.179 759.654 450.914 694.221 491.299 715.925 496.11 739.315 488.465 768.768 486.996 722.329 516.737 740.71 517.936 761.023 506.839 43.542 12.144 40.299 19.266 47.64 20.114 57.378 32.691 52.827 60.157 Right 176.621 476.583 225.28 433.207 292.503 421.542 346.437 442.446 384.337 462.856 296.604 378.924 367.349 382.251 410.633 388.475 444.683 395.977 285.751 410.571 366.845 437.797 406.312 457.102 438.042 470.13 273.223 449.549 343.518 480.172 319.374 480.609 294.699 473.147 261.157 489.639 319.024 507.766 303.874 505.607 284.083 498.648 53.351 6.644 34.529 26.177 43.314 9.03 63.763 21.767 66.824 36.157
1700 2 Left 872.082 480.062 820.711 446.497 749.483 447.726 695.217 480.161 658.831 504.774 729.717 417.144 660.409 409.332 619.085 400.77 584.422 394.589 733.656 444.27 651.151 457.276 601.491 463.268 561.758 469.232 743.979 474.854 690.759 513.028 713.216 512.46 734.53 505.292 758.976 506.965 721.821 533.092 740.221 530.281 758.712 519.821 38.722 22.752 33.147 10.198 30.092 15.951 50.422 29.006 49.081 45.048 Right 176.063 479.305 230.891 447.812 298.267 450.148 350.14 480.319 386.699 501.496 311.897 406.874 386.292 408.156 431.142 403.906 467.331 398.043 302.128 437.023 380.701 461.666 425.87 473.797 464.763 481.537 288.829 471.689 347.676 510.803 325.32 510.456 303.034 501.601 274.041 506.959 321.906 534.955 306.336 532.02 288.031 522.986 55.162 16.511 28.42 12.141 23.948 9.433 49.479 22.643 59.304 35.952
1800 2 Left 868.765 485.314 815.474 449.333 742.282 454.099 689.962 489.073 657.176 513.884 724.87 423.898 656.603 418.765 614.978 409.259 581.445 401.393 727.033 452.065 646.7 465.907 596.503 468.535 556.496 470.812 737.702 485.183 688.927 523.043 709.276 520.809 728.898 513.762 752.947 520.109 715.978 542.002 734.893 539.248 751.999 532.198 37.132 24.988 32.161 10.952 20.398 9.053 57.007 21.628 49.465 35.835 Right 179.976 484.483 237.217 449.461 307.567 456.865 361.014 489.985 396.324 513.833 320.379 416.211 391.62 416.267 433.381 408.888 467.345 399.817 308.953 447.748 383.322 474.99 427.151 486.548 464.546 494.502 293.43 482.167 352.393 521.449 330.143 518.086 307.824 508.225 275.214 516.421 325.793 543.317 310.895 539.758 292.3 532.354 39.272 9.744 26.411 14.613 32.888 5.45 51.638 23.557 57.476 30.739
1900 2 Left 860.531 492.973 806.582 458.044 736.089 464.481 685.415 500.143 653.545 526.041 716.914 440.396 648.28 436.43 606.386 427.752 572.828 419.368 717.769 469.093 639.175 483.992 590.511 486.268 551.855 487.224 728.323 500.939 682.637 535.25 703.958 531.918 724.317 524.514 744.848 533.507 712.155 553.425 731.234 549.008 748.247 540.94 36.399 24.804 29.096 10.662 18.58 8.558 60.501 19.905 52.931 33.297 Right 184.679 488.532 241.653 454.592 310.981 463.231 363.215 497.152 398.564 522.174 326.26 424.778 396.48 422.78 436.335 412.645 469.23 400.023 316.179 456.024 388.468 483.889 431.561 496.787 467.256 506.127 300.974 490.046 356.219 529.082 333.771 525.313 311.3 516.001 282.672 524.223 329.351 549.985 313.596 545.938 295.52 539.021 40.725 13.509 26.035 15.832 34.014 6.656 51.744 19.933 55.066 31.527
2000 2 Left 858.582 495.705 806.581 460.005 735.437 466.215 686.477 501.856 657.301 531.282 715.28 438.447 646.374 435.085 604.547 425.893 571.069 418.886 716.914 468.842 638.669 480.715 589.79 483.322 549.429 487.52 728.246 502.102 679.104 538.826 700.398 534.815 721.19 526.868 745.672 536.313 710.185 557.839 727.846 552.522 744.472 543.938 37.533 26.856 33.719 5.373 28.441 7.006 60.758 21.619 50.445 38.627 Right 182.764 489.713 236.842 455.177 305.321 460.821 357.458 493.32 396.123 518.134 322.736 422.519 394.665 420.4 435.428 410.587 468.839 398.06 312.352 454.724 388.283 481.607 431.748 492.968 468.18 500.4 296.233 489.634 354.44 528.536 331.789 524.124 309.575 513.837 277.659 524.185 326.645 550.956 311.167 545.567 293.023 536.358 44.996 11.266 31.184 17.68 28.691 4.542 54.157 15.579 58.496 31.973
2100 2 Left 860.553 494.393 810.087 458.586 738.638 463.233 688.182 497.678 657.902 526.839 718.122 435.329 648.601 432.737 606.198 424.712 572.032 418.495 718.988 465.678 639.399 477.128 590.076 480.413 549.919 484.885 729.246 499.284 678.701 535.141 701.306 530.944 723.32 523.056 745.548 533.802 710.607 553.344 729.675 548.325 747.236 540.2 33.067 32.075 29.857 3.201 29.445 5.088 63.362 22.933 50.915 43.441 Right 181.377 489.974 234.722 455.12 303.139 459.358 355.483 490.926 394.344 515.299 318.863 420.646 392.433 417.487 434.015 407.703 467.687 395.338 309.689 452.912 386.501 479.126 429.708 489.593 465.846 496.147 294.74 487.668 352.097 525.984 329.112 522.013 307.023 512.604 276.951 521.877 324.106 548.005 308.242 542.605 290.15 533.798 45.833 9.727 31.163 17.87 25.892 5.03 50.813 16.614 60.124 30.283
2200 2 Left 862.91 492.984 812.344 456.417 740.976 458.184 688.008 487.951 654.275 511.724 723.336 429.025 649.806 433.34 606.276 430.643 569.837 429.588 723.606 457.841 640.946 464.949 590.312 466.611 548.414 469.948 732.736 491.781 674.348 528.409 698.938 527.171 721.949 520.147 748.231 527.322 708.721 549.872 728.484 545.796 746.294 537.203 29.603 29.515 33.291 6.48 30.241 9.925 65.211 23.785 53.73 36.132 Right 179.116 488.36 233.235 454.109 301.134 458.207 353.302 489.3 392.245 512.738 315.906 419.587 390.461 415.286 432.812 405.112 466.714 392.936 307.239 451.746 385.59 474.941 430.276 484.242 467.467 490.679 292.911 486.345 350.533 523.374 327.75 519.322 305.729 510.238 275.356 520.249 322.904 545.793 308.002 540.375 289.973 531.797 44.248 9.847 30.125 16.392 23.629 7.116 52.411 17.889 60.706 32.562
2300 2 Left 860.422 500.266 815.829 453.918 750.464 446.587 701.095 469.725 671.084 498.08 726.422 422.0 650.569 432.406 605.401 438.922 569.445 445.941 726.497 455.183 642.113 464.196 590.084 469.667 551.83 475.569 733.502 493.076 660.368 512.658 640.683 525.995 634.603 535.255 745.203 531.807 693.928 541.897 693.555 543.548 704.424 542.705 35.257 26.978 44.399 4.51 37.381 20.561 39.02 16.454 42.206 38.634 Right 177.543 490.68 230.558 453.894 298.784 456.267 353.959 484.024 395.801 505.26 313.467 419.065 388.634 418.749 431.459 411.665 466.043 401.965 305.327 451.147 389.154 470.788 436.819 482.131 474.454 490.979 291.53 486.354 357.371 519.24 334.368 518.722 310.564 511.809 274.548 522.229 330.742 543.589 316.445 540.41 296.669 533.361 40.633 15.906 29.305 11.269 24.78 10.249 50.341 19.741 58.907 33.517
2400 2 Left 857.02 501.203 813.6 451.506 752.401 435.436 701.983 441.634 667.262 456.038 726.568 420.148 649.57 428.666 605.109 435.079 569.694 441.264 726.995 453.294 642.251 461.194 590.021 467.05 550.694 472.874 732.672 490.618 655.51 502.211 613.84 515.118 586.397 525.423 742.365 528.406 683.516 534.395 653.19 540.057 631.227 544.773 33.359 21.865 40.051 12.14 35.833 21.96 26.645 21.258 15.755 13.989 Right 178.323 493.551 231.777 453.155 301.494 454.42 357.303 480.76 398.532 500.072 316.905 420.533 390.651 428.525 431.808 427.632 465.52 423.361 307.113 452.96 389.507 473.911 435.513 485.063 473.399 492.929 292.701 488.594 365.461 520.711 344.248 521.086 319.788 514.696 275.857 525.099 334.335 546.793 321.792 543.047 301.88 535.255 39.611 15.668 25.638 10.927 37.427 11.264 45.973 24.881 55.332 24.61
2500 2 Left 841.771 502.275 800.959 444.665 743.835 417.832 694.426 413.35 658.767 421.134 718.394 413.809 638.593 416.431 592.296 420.58 555.122 425.625 713.59 447.669 626.812 449.846 573.377 451.318 532.737 452.811 714.617 485.379 635.164 485.799 584.134 486.251 546.796 486.097 720.864 522.413 659.307 519.939 622.771 520.022 593.466 520.026 33.191 17.641 33.502 15.493 31.172 18.567 17.769 17.461 18.14 12.073 Right 189.45 505.01 244.909 462.889 306.466 456.22 351.795 473.384 384.454 495.434 329.824 437.902 404.559 463.571 444.94 475.659 476.704 484.016 319.721 469.531 402.295 494.977 449.989 509.039 487.201 519.901 306.537 505.534 382.12 536.47 410.706 559.485 427.184 575.672 291.55 539.112 348.265 560.928 374.259 573.864 393.235 583.981 57.946 14.619 31.862 16.199 49.195 18.201 29.437 18.147 25.917 25.466
2600 2 Left 820.906 497.155 783.91 438.004 728.044 404.166 678.237 393.72 641.432 400.23 697.711 402.294 618.55 405.829 572.757 409.528 535.517 413.486 693.847 438.418 607.575 438.761 553.968 438.592 512.839 438.212 694.48 478.322 615.329 473.884 564.353 472.113 526.175 470.11 699.513 517.625 640.085 510.367 602.771 507.676 571.482 505.379 36.139 8.286 39.546 15.585 34.036 15.018 17.067 15.427 19.542 15.623 Right 219.913 528.073 268.61 485.081 325.412 473.56 369.267 480.1 401.15 493.577 357.338 463.387 430.836 490.341 467.726 508.89 494.592 523.254 353.08 495.253 435.448 522.471 479.842 540.098 513.12 553.641 341.99 530.519 417.694 557.817 458.412 577.407 489.287 591.716 326.553 566.033 385.981 586.101 418.83 598.305 445.402 608.267 50.243 5.659 21.054 25.504 35.999 22.627 39.849 21.176 14.511 33.076
2700 2 Left 807.948 495.334 775.095 435.612 719.674 398.16 669.424 380.138 631.401 385.753 689.158 405.291 610.376 402.485 563.981 404.206 526.846 407.473 683.812 440.317 596.696 437.197 543.978 435.599 503.805 434.58 682.33 478.341 602.025 473.558 552.558 468.304 515.203 463.55 685.199 515.976 622.968 509.736 586.887 504.525 557.649 498.632 29.618 20.018 35.688 14.066 28.785 18.753 18.8 12.997 16.725 10.01 Right 240.558 536.023 291.624 495.952 351.377 489.906 395.571 502.807 426.588 519.024 378.489 480.624 449.821 510.327 488.293 528.398 516.911 541.816 372.997 512.312 452.802 542.982 496.994 560.305 530.572 573.218 361.669 547.122 437.704 576.163 478.878 592.88 509.929 604.68 346.72 580.599 405.892 600.928 439.52 612.8 466.864 622.924 74.91 24.242 27.018 21.199 30.836 18.967 35.068 24.112 13.117 26.751
2800 2 Left 787.179 501.286 757.626 439.8 703.298 401.017 651.392 382.468 611.4 386.79 668.094 409.564 587.737 406.525 542.067 406.997 505.825 407.586 660.812 446.168 574.713 441.232 522.39 438.842 482.718 436.029 658.201 485.122 579.328 478.343 529.032 472.942 491.131 467.368 661.06 522.796 600.285 514.265 564.561 509.796 535.857 504.101 24.254 24.055 31.699 14.243 29.895 12.388 24.283 10.808 17.782 13.623 Right 279.215 571.358 332.983 527.087 391.235 522.15 433.706 536.662 461.066 556.221 419.902 517.349 487.863 544.843 525.636 560.919 553.786 573.194 417.618 549.713 493.884 576.83 538.891 592.128 572.293 604.1 408.208 583.989 479.929 607.057 522.232 621.162 554.162 630.901 393.598 616.604 451.07 633.879 485.656 643.649 514.686 651.033 31.423 19.762 17.361 14.15 27.62 23.745 37.041 20.664 9.499 32.64
2900 2 Left 767.793 510.445 738.683 445.377 683.124 405.864 630.553 389.26 590.886 393.472 651.643 422.281 567.258 418.454 520.416 415.937 482.268 414.043 644.757 462.001 556.622 455.925 502.812 452.658 461.589 449.124 641.796 501.729 560.918 493.113 510.339 485.427 471.979 478.287 643.6 538.911 580.504 529.527 545.049 524.083 516.617 517.273 33.293 14.067 31.055 15.119 27.356 18.243 20.375 11.501 14.3 14.443 Right 323.026 596.634 382.697 552.944 437.335 548.828 474.01 565.954 496.693 588.792 465.365 546.181 529.255 575.427 563.682 592.794 589.9 606.234 462.832 577.79 533.496 606.685 573.762 622.851 604.366 635.522 452.785 611.167 520.296 635.093 558.456 649.65 588.127 659.743 437.339 643.717 493.324 661.128 525.126 671.611 552.014 679.344 18.741 30.213 26.556 14.843 31.178 25.656 37.284 22.151 12.194 35.686
3000 2 Left 752.125 520.734 723.939 455.465 670.687 413.631 615.758 399.567 575.999 407.468 636.798 432.195 554.897 432.2 508.699 433.375 471.202 433.988 628.129 472.433 539.968 468.131 486.425 466.608 445.308 465.181 624.203 512.082 543.52 505.724 492.883 500.646 455.073 496.491 624.382 549.097 561.123 538.933 528.271 533.414 502.473 526.991 37.283 19.211 37.604 15.446 28.687 19.41 22.122 11.887 15.157 15.803 Right 364.588 584.165 420.384 539.294 470.46 526.907 504.379 532.936 527.104 543.581 500.311 536.786 557.722 560.75 588.495 577.849 611.508 591.908 496.684 567.887 560.674 597.033 595.449 613.914 621.157 628.614 486.464 600.621 548.188 628.389 583.914 642.074 611.411 652.308 470.842 631.924 520.585 651.693 549.777 660.908 574.954 667.652 15.228 36.809 31.46 12.036 34.895 17.017 32.356 21.593 24.585 22.325
3100 2 Left 741.71 528.263 714.768 462.546 663.358 421.95 607.735 407.272 566.16 412.448 627.971 440.954 546.737 442.37 501.858 446.601 465.552 449.822 619.246 481.0 530.907 478.629 477.605 477.463 436.834 475.836 615.424 520.32 534.923 515.262 485.386 509.417 447.879 503.51 615.583 556.187 553.05 549.205 517.794 544.016 489.016 537.235 35.488 16.732 35.714 16.772 26.645 17.111 20.943 16.685 14.676 13.02 Right 376.408 558.199 421.014 522.753 467.599 516.72 501.778 521.337 526.951 522.139 503.328 531.192 558.745 543.902 591.389 554.413 617.529 564.145 502.126 556.294 562.944 572.425 599.074 585.39 626.644 598.11 493.48 582.088 552.519 601.369 589.938 615.052 619.582 626.51 479.22 607.08 526.414 624.335 556.096 634.458 582.105 642.418 46.578 77.515 36.529 8.041 38.765 14.772 34.543 23.541 33.38 18.771
3200 1 Left 733.056 531.754 703.992 468.676 652.037 431.382 597.473 418.697 556.322 426.437 614.421 448.689 533.386 450.988 487.832 455.76 450.526 460.037 606.177 488.295 518.9 489.855 465.025 491.822 424.12 491.885 605.17 528.146 524.544 528.382 474.554 525.891 436.267 522.237 610.469 564.423 548.076 560.149 512.503 558.443 482.294 554.606 40.365 16.134 34.135 17.613 26.648 20.033 14.163 12.546 14.804 14.662
3300 2 Left 726.708 540.593 698.075 476.741 644.354 441.543 590.883 429.835 548.005 431.007 604.517 457.224 524.033 461.495 478.807 467.104 442.341 472.599 597.779 496.319 510.006 498.606 455.456 499.615 413.795 499.419 597.412 535.422 516.249 535.767 466.434 533.058 427.867 529.543 603.66 570.906 540.302 568.008 504.462 566.575 474.746 563.619 36.25 5.564 32.364 16.973 24.669 16.992 18.723 9.469 17.327 12.373 Right 395.745 416.597 436.09 381.7 483.93 377.148 518.183 394.551 537.684 416.623 507.445 375.592 559.247 406.75 589.114 428.464 610.048 442.514 506.183 399.886 554.253 428.789 580.814 447.542 601.146 462.929 500.629 426.138 540.329 451.477 560.841 467.468 576.102 479.948 493.056 450.789 522.35 471.694 537.222 483.848 549.449 493.879 30.118 40.625 40.879 6.613 18.118 39.207 40.702 18.319 8.911 31.913
3400 2 Left 721.981 541.127 689.411 477.391 636.443 443.894 581.957 441.394 543.589 448.807 600.696 461.481 518.127 462.148 471.611 466.643 435.474 472.828 594.476 501.259 503.827 500.691 450.477 501.804 411.622 503.57 593.228 539.524 511.718 538.079 462.046 535.721 424.959 533.881 598.159 574.111 535.26 569.824 500.536 567.986 471.781 565.928 42.739 8.849 39.488 10.869 26.025 19.372 18.429 13.339 19.102 8.988 Right 384.724 388.252 419.474 352.853 462.583 346.532 492.883 359.069 511.469 375.303 491.008 343.475 540.345 359.83 571.182 371.718 594.233 382.33 496.961 363.292 552.782 378.214 587.228 388.039 614.076 396.442 496.362 387.793 552.095 396.722 585.578 401.488 611.14 403.959 490.469 415.099 536.635 420.967 561.468 421.409 581.346 419.125 7.441 23.251 17.922 5.526 23.544 23.076 11.802 21.237 20.529 21.97
3500 2 Left 714.338 537.47 684.653 475.222 633.339 438.323 580.241 424.707 541.485 432.229 593.97 460.285 512.919 462.892 468.871 466.744 435.106 471.86 587.954 499.595 498.138 499.398 445.882 499.756 409.02 501.08 587.324 537.228 506.359 535.584 456.282 531.952 419.991 529.058 592.673 571.066 528.891 567.376 492.773 564.586 464.083 560.463 35.248 16.835 37.653 18.447 23.627 18.659 19.797 18.36 17.928 16.131 Right 387.293 367.991 416.311 352.594 459.848 340.815 495.871 336.911 521.563 332.755 485.429 338.596 531.805 330.24 559.227 324.973 581.185 323.093 491.001 342.056 541.354 331.733 572.766 324.856 600.003 318.767 491.495 348.159 539.671 337.755 570.289 329.604 595.638 323.077 487.868 356.234 523.69 350.465 547.438 345.509 568.99 341.744 13.63 15.888 10.472 27.554 22.309 45.756 1.892 21.148 41.585 14.488
3600 1 Left 712.082 528.049 682.634 467.77 631.541 430.562 580.066 414.569 541.579 422.449 588.973 452.542 510.127 455.815 466.919 460.162 433.49 465.33 582.499 489.992 496.985 489.323 446.02 489.3 409.316 490.015 582.099 527.011 505.128 524.404 456.578 521.459 420.949 519.384 587.552 560.605 528.091 555.093 492.748 552.886 464.574 550.138 27.783 21.126 38.062 16.676 23.839 17.273 16.347 17.1 19.403 16.7
3700 2 Left 709.535 523.51 680.459 463.208 631.06 425.066 579.787 409.843 540.37 416.817 589.089 446.592 509.966 448.738 466.82 452.825 433.128 458.213 582.614 484.414 496.477 483.077 445.98 483.301 409.469 484.169 582.363 521.743 504.087 519.006 455.528 515.823 420.033 513.316 587.572 555.729 526.329 550.964 490.523 548.124 461.455 544.533 32.187 21.194 40.469 17.072 26.552 17.317 15.864 20.206 19.673 12.887 Right 333.62 296.606 359.294 242.226 405.549 212.894 449.779 209.17 478.843 217.265 424.902 197.563 495.069 189.331 535.987 186.12 564.665 183.578 435.857 224.555 517.202 210.885 566.127 203.07 601.364 196.372 443.314 258.792 520.905 240.021 566.582 231.275 598.89 223.981 447.56 295.392 507.259 280.109 541.285 269.766 569.392 260.735 24.93 28.329 19.032 1.236 25.781 22.837 24.947 17.718 7.391 27.483
3800 2 Left 709.215 510.706 674.404 449.204 611.436 412.386 548.136 406.122 502.167 408.331 587.983 426.763 511.8 434.509 469.762 438.654 436.074 441.468 583.501 466.898 499.219 468.902 449.178 469.144 412.096 468.431 582.995 505.238 504.789 504.359 456.919 501.889 421.198 498.45 586.997 540.034 525.871 536.492 490.57 533.858 460.962 529.691 28.104 5.113 37.525 11.129 28.313 13.252 14.208 18.424 22.088 15.204 Right 300.275 330.736 322.855 272.078 371.19 235.215 419.5 228.227 453.708 232.091 393.2 221.865 471.339 209.031 515.227 201.002 549.075 192.5 403.752 255.605 491.932 236.632 544.149 223.399 584.219 211.415 411.586 294.606 493.328 275.187 543.03 261.704 580.604 249.292 415.593 335.137 479.85 318.034 516.63 307.05 547.317 297.764 29.111 11.98 18.872 7.349 14.072 29.335 18.152 23.213 3.829 21.217
3900 2 Left 712.336 506.428 678.426 443.427 621.133 407.066 572.682 396.367 540.752 406.327 596.348 424.02 517.37 423.145 472.237 425.973 437.029 430.417 592.104 466.417 505.024 462.819 453.25 460.722 415.502 459.591 591.555 506.072 510.854 499.813 461.777 493.304 425.934 487.828 594.332 539.795 528.937 531.78 492.305 524.937 463.238 517.9 37.572 12.344 48.379 14.249 34.012 22.279 19.867 25.488 19.12 23.655 Right 278.641 393.221 306.756 328.555 358.69 289.478 411.542 284.1 447.035 296.796 375.612 285.653 462.883 281.526 509.254 278.889 545.464 274.96 385.542 326.167 479.049 312.221 533.322 303.882 574.691 295.79 392.212 369.195 477.615 352.318 528.81 344.508 566.796 336.743 395.533 410.863 462.211 395.197 500.444 387.132 531.866 381.195 28.926 11.165 21.273 18.733 33.494 17.53 23.923 21.768 13.543 25.649
4000 2 Left 711.808 508.694 677.322 444.874 626.622 406.92 579.44 394.57 543.712 390.899 593.857 418.955 518.076 412.189 475.192 410.213 442.545 409.677 586.973 460.356 507.058 454.215 460.393 451.129 426.219 448.348 586.717 500.278 510.079 492.895 463.168 487.248 428.234 482.23 591.301 534.753 529.53 528.795 493.619 523.775 463.72 517.955 40.444 10.383 55.107 17.221 42.896 20.662 28.063 23.771 26.446 22.246 Right 270.137 434.628 297.613 366.588 350.547 319.873 400.468 305.073 434.638 313.057 376.14 317.671 460.308 315.971 509.088 312.761 547.448 308.325 384.843 360.276 475.014 350.081 531.335 341.502 575.67 332.861 391.469 404.896 474.0 391.412 527.093 383.534 566.768 374.903 395.382 446.076 461.921 430.48 501.39 422.701 533.138 416.016 50.95 18.55 20.048 23.296 18.099 23.259 37.392 14.768 8.137 24.682
4100 2 Left 720.574 502.276 678.337 442.848 626.268 408.52 578.781 403.634 536.485 408.346 601.796 401.822 529.707 388.404 484.531 385.038 448.851 384.548 594.467 441.228 518.886 429.916 471.344 429.104 434.565 429.452 594.392 485.263 517.846 478.933 474.084 479.975 440.678 480.877 599.285 530.252 536.869 524.009 499.64 520.534 467.232 515.675 43.564 8.423 55.708 17.956 40.194 26.005 29.79 27.771 26.027 16.251 Right 292.323 479.756 325.093 406.583 379.499 359.566 431.178 344.736 465.762 355.323 409.689 369.847 495.392 373.913 543.71 373.558 580.92 371.637 418.225 414.223 510.603 408.89 567.077 404.353 610.498 398.68 422.629 458.95 506.364 450.638 558.94 447.504 597.784 443.05 421.941 499.891 488.724 489.912 529.535 485.942 562.335 483.003 46.094 10.576 39.764 19.624 40.317 21.028 47.545 14.399 20.578 24.473
4200 2 Left 733.327 517.52 693.644 453.394 639.863 418.101 592.991 408.66 553.584 413.819 615.712 417.048 542.289 414.744 498.8 421.555 465.8 428.115 610.755 452.279 538.747 451.377 493.392 460.188 457.642 468.678 609.071 492.301 538.976 493.667 497.94 503.168 465.404 512.023 609.544 532.635 552.018 532.427 519.927 535.657 491.876 538.856 41.2 12.371 45.113 15.334 38.138 12.285 31.034 19.237 26.49 17.925 Right 332.75 512.076 365.865 444.091 414.983 400.34 462.298 384.115 494.914 394.674 455.931 414.002 536.354 412.17 580.092 410.252 611.654 408.412 466.031 453.363 557.23 449.221 610.15 446.852 647.791 444.876 469.381 494.812 552.761 492.285 602.829 491.426 639.884 488.109 464.355 534.331 531.907 532.475 570.319 531.452 600.983 528.879 15.328 48.247 40.112 11.401 28.095 25.95 34.724 18.447 20.456 27.995
4300 2 Left 740.615 521.489 700.753 457.002 647.489 421.798 599.696 408.938 558.283 410.888 629.789 420.709 552.607 418.974 508.954 425.064 475.879 431.311 628.476 454.546 550.094 455.721 500.8 464.106 462.941 471.597 628.037 494.613 552.112 498.957 505.91 507.826 470.425 514.865 628.313 536.762 565.555 538.617 529.224 542.017 497.773 544.48 41.805 14.368 48.506 14.937 35.342 12.851 25.643 22.106 20.856 25.325 Right 341.918 520.741 373.355 451.272 424.182 409.709 474.49 396.048 507.186 404.113 457.024 416.752 541.546 413.913 586.419 412.485 618.515 411.887 467.5 458.128 558.453 450.675 609.982 448.161 647.251 446.082 472.87 500.797 557.351 493.372 607.125 491.542 643.607 488.57 471.727 539.513 538.306 532.611 577.352 529.552 608.871 527.141 37.045 3.791 26.627 14.181 35.33 14.877 30.024 20.595 20.582 31.667
4400 2 Left 723.854 520.958 684.042 457.437 631.303 425.263 586.518 413.14 546.958 416.69 598.846 433.045 532.699 425.912 492.439 426.59 458.828 427.758 592.207 467.071 529.463 462.303 485.576 467.667 448.863 473.352 591.414 505.459 529.44 504.205 489.953 511.759 456.14 518.063 596.261 544.007 545.537 541.871 512.982 543.345 482.67 544.267 35.327 10.921 43.43 17.094 30.625 16.794 32.009 18.632 16.618 9.297 Right 333.139 523.064 365.617 454.804 416.96 412.69 465.105 400.217 498.902 405.218 449.725 421.312 531.347 420.038 576.176 419.394 609.204 419.069 459.485 463.225 550.531 458.289 603.096 455.614 641.119 453.253 463.538 506.377 547.653 500.934 596.426 498.833 632.224 494.933 460.698 545.902 527.351 541.089 565.414 536.558 595.98 531.657 25.603 9.782 37.198 7.174 32.087 18.223 25.341 23.659 23.72 29.745
4500 2 Left 717.562 513.068 680.731 450.501 625.175 412.927 578.242 401.122 538.262 407.788 595.25 419.854 529.378 412.137 488.634 409.178 454.122 405.737 586.531 454.967 525.343 452.786 482.407 455.733 445.479 457.445 584.488 494.141 523.361 492.885 483.16 499.032 448.881 505.574 587.612 533.406 535.974 533.599 503.843 536.757 474.22 540.697 31.874 17.078 47.138 18.981 30.918 17.89 28.591 21.445 21.992 19.125 Right 323.677 519.866 354.89 454.206 403.991 411.832 450.111 395.766 483.766 398.841 441.205 417.85 521.142 418.571 566.854 420.305 601.192 422.05 451.737 457.74 541.07 455.737 594.628 456.421 634.933 456.861 455.999 500.432 540.011 495.613 592.024 495.419 631.227 493.763 452.914 540.947 519.673 535.568 558.604 532.9 590.829 530.534 10.644 30.104 24.936 4.215 30.224 16.064 23.659 23.84 27.079 27.947
4600 2 Left 718.936 510.975 686.549 451.268 635.56 409.491 587.073 390.869 546.564 399.335 602.746 412.78 531.543 411.422 489.049 415.938 455.801 419.424 591.43 446.988 523.563 446.256 478.123 452.863 440.749 460.342 584.476 485.762 520.384 486.568 480.049 494.622 446.045 503.538 580.763 525.02 529.502 525.225 497.368 530.85 467.285 537.642 36.748 26.403 52.587 16.552 33.293 14.042 35.661 19.636 21.138 20.111 Right 317.235 518.27 348.16 450.22 396.767 406.797 440.966 391.944 471.259 397.667 432.455 417.664 513.197 419.664 559.944 420.932 595.264 422.125 443.203 458.951 534.154 455.984 588.422 454.181 628.906 451.429 448.424 501.781 533.058 495.255 582.873 492.758 619.527 488.49 446.482 540.761 513.555 532.49 552.992 528.561 585.049 525.359 32.125 4.923 40.347 7.949 34.048 18.953 34.533 22.494 32.169 33.294
4700 2 Left 713.167 499.172 686.827 438.984 638.921 397.077 591.507 376.405 550.308 383.307 593.03 417.6 517.356 414.429 471.938 413.58 434.533 411.428 585.137 457.641 513.04 458.974 463.644 458.895 420.845 456.67 583.69 495.835 514.826 501.539 467.843 505.08 427.626 507.345 586.737 527.898 529.983 531.461 492.971 535.852 459.632 537.972 77.116 47.192 127.714 31.873 123.694 28.924 108.191 27.167 50.302 25.968 Right 293.75 523.813 321.512 453.649 370.423 405.007 419.205 386.443 454.691 397.67 404.818 423.199 488.353 418.636 537.021 418.153 573.232 419.1 415.861 464.806 508.331 455.342 565.918 450.124 608.09 445.581 421.843 507.293 504.823 497.643 557.066 492.869 594.917 487.132 421.993 545.412 489.262 536.144 527.496 530.16 557.982 524.887 40.457 15.475 41.117 14.552 30.927 26.401 43.027 22.708 29.35 21.836
4800 2 Left 712.675 494.651 690.162 436.402 640.719 393.945 594.528 373.33 555.497 384.167 581.531 416.393 510.407 414.396 462.854 417.91 424.763 421.461 572.543 455.936 502.729 456.719 448.99 459.88 402.097 463.954 570.451 493.538 505.776 494.81 457.305 500.535 414.141 508.038 573.959 525.118 521.542 523.997 484.875 528.439 450.331 532.622 118.836 83.478 131.649 38.217 134.839 29.422 138.26 24.218 92.711 28.644 Right 270.921 533.721 297.174 461.494 346.432 409.277 394.8 386.834 431.764 398.365 382.543 429.585 467.101 419.871 516.381 418.665 553.562 420.728 393.414 472.825 485.059 458.574 542.967 453.101 586.188 448.648 399.518 516.486 482.408 503.778 535.232 498.082 573.967 491.176 400.046 554.79 467.467 543.757 505.945 535.839 536.56 528.189 36.857 17.898 54.452 9.815 44.282 26.961 83.835 22.961 43.591 23.975
4900 2 Left 718.499 495.149 691.495 435.6 642.762 394.97 596.443 376.203 556.426 386.155 588.344 416.285 513.612 417.469 463.579 422.464 423.898 426.275 579.728 454.481 505.618 456.788 449.641 460.481 401.025 463.546 576.855 492.151 507.814 495.494 455.378 502.12 408.927 509.428 580.063 524.969 523.342 527.181 484.059 532.729 447.597 537.404 133.763 122.36 129.73 27.203 135.931 19.912 147.235 15.059 70.669 25.208 Right 264.044 537.502 290.523 466.459 339.266 412.849 386.995 389.778 424.647 400.424 370.6 432.364 459.443 423.108 510.182 421.48 548.038 423.155 379.02 477.657 476.205 462.887 535.002 456.593 578.56 451.661 384.824 522.245 473.678 507.866 527.441 501.581 565.982 495.155 386.267 559.875 457.448 547.018 498.437 539.129 530.572 532.677 40.726 24.025 68.663 17.454 58.161 26.797 94.939 20.741 41.847 28.759
5000 2 Left 718.349 497.345 691.653 436.41 643.949 396.189 596.359 377.254 556.447 388.092 590.071 420.608 518.059 419.125 472.44 421.038 436.988 422.419 577.849 457.772 504.576 456.359 450.491 458.768 405.044 461.783 572.178 495.295 503.046 497.207 451.593 504.168 406.601 512.001 573.805 527.701 518.059 531.151 478.534 538.747 442.091 545.438 104.818 72.807 120.116 23.849 122.279 19.785 151.821 10.457 39.615 17.42 Right 259.828 545.679 287.433 474.675 335.734 422.918 382.891 399.239 421.096 405.464 368.677 444.17 454.788 436.103 504.547 434.585 541.643 436.68 378.031 489.08 472.511 474.51 530.094 467.882 572.546 463.045 383.774 533.118 469.947 519.246 521.969 513.15 559.421 507.458 384.873 569.939 453.712 558.048 494.748 549.703 527.345 543.363 44.537 25.316 60.214 18.385 57.91 23.28 84.314 20.774 36.141 33.132
5100 2 Left 721.227 498.586 694.677 440.465 646.403 400.195 599.018 380.529 559.372 389.359 595.462 421.415 523.694 420.675 480.471 423.059 447.196 425.581 584.496 459.585 514.558 458.146 465.766 462.013 425.448 467.052 578.746 497.764 514.573 496.22 468.172 502.726 427.583 510.81 578.141 531.05 526.741 527.98 491.558 531.89 458.736 536.1 99.395 68.707 112.022 22.953 127.089 16.699 172.288 12.349 14.384 26.068 Right 273.71 552.244 296.487 480.689 343.797 428.364 392.968 404.466 430.742 413.043 377.888 448.635 465.822 440.999 514.813 439.496 550.853 441.56 389.146 494.04 485.294 480.727 542.719 474.078 583.916 468.751 396.502 537.865 482.104 525.349 534.241 518.899 571.125 513.17 398.254 574.023 467.112 562.94 507.778 556.057 539.313 551.85 42.14 23.569 144.73 6.834 85.472 23.537 110.755 19.069 51.76 26.588
5200 2 Left 719.737 502.994 692.624 444.118 644.345 402.68 598.517 381.536 557.945 390.368 595.657 424.012 524.861 417.422 482.157 415.418 446.689 412.025 585.676 463.389 515.731 457.557 465.934 454.52 423.41 451.156 583.742 503.107 518.292 503.28 471.204 508.219 430.046 513.413 586.918 537.8 534.37 541.74 498.865 547.972 464.775 553.837 111.401 66.665 127.81 35.825 143.375 20.006 140.238 18.023 65.509 28.739 Right 302.632 549.289 325.585 480.402 372.122 430.901 416.241 407.26 447.977 410.312 407.595 448.653 494.415 441.393 543.828 440.985 580.421 443.509 417.941 492.464 512.844 480.962 569.416 475.546 610.555 471.61 423.918 535.339 508.264 523.761 561.377 517.887 599.618 512.963 424.957 571.432 492.021 561.222 533.466 554.244 566.202 549.321 52.325 25.356 125.048 13.063 75.003 25.482 112.273 16.391 58.357 23.072
5300 2 Left 733.971 507.216 699.359 448.889 646.809 409.066 600.06 388.257 558.215 393.861 608.632 420.906 537.108 417.05 492.437 415.687 455.84 412.671 603.675 457.924 533.323 456.249 484.621 454.56 443.086 451.714 605.38 497.493 538.437 501.74 493.212 507.094 454.382 510.771 610.611 534.907 558.272 541.979 523.178 548.098 490.54 552.501 76.666 47.551 108.142 22.652 123.647 13.25 133.709 20.134 33.462 27.555 Right 329.766 544.948 351.223 475.189 398.837 425.58 448.499 405.417 485.088 405.539 433.094 444.498 516.646 436.058 562.49 433.373 597.416 432.201 444.981 487.546 536.06 475.047 590.685 468.772 630.962 464.252 451.284 529.058 532.965 517.271 584.102 511.213 621.43 505.834 452.765 563.671 517.449 553.849 558.518 547.091 591.787 541.508 45.84 24.389 107.969 10.924 54.748 28.002 100.695 21.343 56.36 23.773
5400 2 Left 744.375 504.295 706.214 441.517 653.316 403.178 608.569 384.084 569.041 388.662 613.195 418.795 545.682 422.972 504.361 429.253 472.751 433.325 608.561 454.069 543.619 459.294 498.378 467.483 461.571 474.902 610.073 491.49 548.678 495.911 507.882 505.605 473.454 514.864 616.582 526.545 567.283 529.771 534.997 536.105 505.501 542.386 25.404 22.932 44.252 18.63 27.166 11.071 29.51 24.078 12.895 20.982 Right 359.099 533.552 381.799 465.152 425.972 418.057 470.728 398.32 502.698 398.077 460.21 432.489 541.439 425.866 587.59 422.775 622.38 421.112 473.261 473.073 561.5 461.127 615.358 455.821 655.38 452.08 481.18 513.253 561.426 499.767 612.01 494.104 649.639 489.022 482.993 547.831 545.886 534.857 584.974 528.272 617.197 523.63 47.005 18.244 63.947 6.652 34.237 27.259 60.474 18.154 36.507 20.447
5500 2 Left 737.544 497.531 701.999 436.659 649.744 398.357 604.301 381.286 563.371 385.81 604.565 412.161 539.963 415.878 499.783 421.756 467.922 425.864 598.948 446.345 538.5 448.405 495.666 456.702 460.077 465.46 599.232 483.053 541.671 484.984 502.129 495.03 468.269 506.01 604.573 518.663 556.671 519.641 523.08 525.878 492.221 534.402 26.882 24.149 47.378 18.164 27.931 15.168 39.099 15.795 16.833 19.677 Right 357.792 525.191 379.889 457.048 423.83 412.053 470.367 395.283 502.875 401.328 460.184 427.493 540.522 422.367 585.666 418.747 619.368 416.72 473.539 467.681 559.41 456.374 612.395 450.923 652.111 446.081 481.417 507.044 559.361 493.479 609.509 487.961 646.749 481.937 482.125 540.807 544.854 529.11 582.629 522.852 613.005 517.769 36.655 17.111 34.796 10.39 29.947 22.395 30.02 23.58 19.011 33.42
5600 2 Left 737.134 498.642 700.477 436.127 649.005 400.097 605.314 382.57 566.016 386.11 605.419 414.272 542.457 418.263 503.3 424.058 471.689 428.004 600.232 449.958 540.344 453.679 497.616 460.655 461.566 467.265 601.558 487.427 544.065 490.911 505.241 499.603 471.931 507.907 607.964 522.166 560.369 524.467 527.988 529.577 498.284 535.285 28.855 22.067 51.334 19.887 25.605 14.624 34.06 19.385 10.055 15.427 Right 355.579 525.915 378.803 459.51 423.928 412.898 471.307 395.281 504.758 401.972 457.362 430.009 538.136 422.341 583.196 419.158 616.751 418.013 469.009 469.672 557.185 456.245 610.436 450.92 649.94 446.746 476.242 509.172 557.838 494.057 607.615 487.936 643.775 481.813 477.177 543.423 542.119 530.44 581.012 522.988 611.941 517.195 37.157 16.976 37.902 12.467 35.291 21.655 45.335 22.902 27.742 33.714
5700 2 Left 732.311 508.078 697.092 444.206 645.481 405.078 597.711 387.182 559.296 399.238 610.865 414.968 543.316 422.375 502.962 430.459 471.345 434.276 604.634 451.025 540.003 458.51 496.016 467.015 460.473 473.689 603.624 489.994 542.85 497.549 502.751 507.267 469.451 515.976 606.541 527.317 557.073 532.538 524.548 539.216 495.173 546.188 32.298 32.681 45.224 16.126 22.179 14.633 34.609 10.964 14.408 18.655 Right 351.121 533.794 377.808 464.026 426.715 417.071 477.727 401.056 514.796 406.398 452.558 436.53 535.487 430.773 581.062 429.421 615.651 429.71 464.318 479.459 555.122 468.849 610.207 463.874 651.121 459.858 471.188 520.856 552.589 508.447 605.071 503.187 643.619 497.592 472.466 554.972 536.761 543.655 576.091 535.852 607.335 529.774 39.668 18.758 38.937 12.525 28.41 25.851 31.602 23.398 18.396 35.069
5800 2 Left 743.49 527.73 714.612 467.28 661.526 425.734 614.305 404.653 572.618 412.174 622.682 439.588 548.699 439.722 503.833 440.65 466.924 438.088 616.238 478.259 544.118 480.223 492.527 480.095 448.052 476.678 616.305 518.326 546.922 524.698 498.733 530.007 456.794 531.617 621.551 555.342 564.003 564.067 525.108 570.491 490.102 572.692 65.128 52.088 106.39 22.784 105.408 15.445 80.704 18.879 26.964 24.492 Right 333.839 566.213 359.652 500.12 403.016 453.674 447.186 435.65 479.292 439.659 442.698 474.939 525.232 466.289 571.912 463.868 608.879 463.534 453.624 515.93 539.669 503.176 594.435 497.019 636.12 493.092 457.247 555.793 533.562 543.427 584.719 537.785 623.043 533.246 455.615 589.029 517.466 578.504 556.382 570.306 588.206 564.244 51.881 22.139 34.839 12.944 27.023 29.959 48.408 25.682 19.703 35.114
5900 2 Left 747.229 539.594 721.464 479.538 669.717 439.767 619.027 422.288 575.211 426.07 618.693 461.613 543.599 463.483 499.856 465.579 465.16 466.395 611.045 501.984 537.534 502.131 486.244 504.493 444.465 506.733 609.44 540.717 541.637 542.404 494.479 547.393 454.145 552.135 613.127 574.031 559.229 576.218 522.32 581.639 488.973 585.241 74.589 48.391 108.046 18.584 105.746 14.739 127.071 13.333 22.995 19.239 Right 315.555 596.025 342.697 527.897 389.709 479.753 438.87 458.909 476.228 461.62 421.096 502.324 503.325 489.416 550.014 485.518 587.367 483.88 432.104 543.921 521.305 530.757 577.629 524.257 619.871 520.628 436.273 584.249 517.297 572.503 570.966 566.924 610.505 562.887 435.073 617.511 499.384 607.67 540.464 599.605 573.043 593.187 47.511 21.008 19.495 19.689 35.389 22.486 62.024 18.664 20.717 31.025
6000 2 Left 776.677 591.34 751.47 528.293 696.969 494.66 645.692 482.517 609.578 485.772 657.127 513.262 580.259 516.211 538.459 521.133 506.15 527.799 652.048 554.38 566.277 552.954 520.284 553.257 487.122 554.655 652.795 593.165 572.88 589.211 529.179 585.828 498.355 583.688 659.08 627.337 595.407 623.185 562.56 618.902 539.205 613.824 28.041 12.665 38.607 15.377 26.613 18.492 24.04 5.55 23.253 11.859 Right 289.008 662.932 307.797 605.053 354.373 558.13 402.641 538.454 436.911 552.471 389.385 590.028 481.12 581.841 524.961 581.862 556.546 582.741 396.519 630.405 493.219 619.319 544.692 615.017 580.449 611.498 399.313 668.317 485.679 660.052 536.445 655.526 571.624 652.311 397.457 699.68 464.15 694.205 502.893 691.304 532.1 689.335 13.563 17.992 21.546 27.442 30.083 34.47 35.952 28.469 17.494 30.735
6100 1 Left 762.959 614.949 745.629 585.078 715.842 568.436 681.269 570.515 656.698 586.197 675.038 583.713 613.967 602.711 582.975 616.396 559.525 624.746 667.0 606.341 600.205 623.117 569.53 635.458 543.09 645.708 668.049 628.643 613.151 644.415 586.142 658.541 563.892 667.836 674.028 647.422 635.639 666.841 620.913 678.518 607.183 685.0 36.068 17.866 38.165 40.799 8.647 7.008 22.791 7.782 18.576 22.55
6200 1 Left 857.522 761.418 822.44 701.817 766.521 667.454 716.789 657.762 678.651 665.251 734.757 700.303 659.759 711.804 617.862 719.16 582.545 726.394 733.018 741.259 652.42 749.299 603.68 753.236 567.046 756.426 735.263 777.334 660.966 781.241 613.502 780.965 578.303 781.67 741.491 805.781 680.37 808.069 643.842 808.838 614.842 807.79 25.545 24.341 31.07 12.359 22.965 19.588 29.44 14.144 20.959 10.958
6300 1 Left 896.584 909.051 859.891 858.211 801.548 838.051 754.159 845.503 728.48 867.264 778.991 884.253 710.387 918.275 670.286 941.115 639.695 961.624 790.609 928.44 717.859 957.256 669.838 970.787 637.701 985.606 801.789 958.866 733.643 977.756 693.051 982.66 668.482 988.738 812.24 976.999 754.03 986.06 721.807 989.168 701.155 992.157 29.696 29.563 24.138 22.558 12.404 25.628 19.287 13.929 18.51 36.587
6400 0
6500 0
6600 0
6700 0
6800 0
