6133
62
0 1 Right 464.044 641.991 489.857 595.49 532.076 570.769 571.787 570.217 598.938 577.633 541.403 554.586 605.834 544.456 643.806 541.657 672.401 539.786 547.507 581.235 617.047 568.057 660.427 560.947 692.84 554.797 552.34 613.08 618.113 600.3 659.695 593.184 689.947 586.571 555.832 646.126 607.678 635.118 638.57 627.473 662.813 620.286 40.739 6.231 28.723 11.53 26.621 24.364 25.151 18.224 14.058 33.494
100 1 Right 498.742 650.902 521.216 600.163 564.357 572.506 605.735 570.398 634.857 576.681 571.99 559.846 636.302 546.924 674.032 542.381 702.548 539.594 582.37 587.345 652.348 570.119 695.606 560.292 727.044 552.824 591.376 616.965 655.802 598.862 695.523 588.102 724.188 579.743 598.114 645.778 647.889 631.811 678.368 623.636 702.591 617.818 26.028 15.573 21.061 12.33 26.252 20.994 24.714 15.542 8.735 21.974
200 1 Right 509.497 646.079 529.588 592.854 571.04 565.091 612.276 561.03 640.542 565.408 581.447 555.55 644.527 540.49 680.475 533.763 707.326 529.035 594.589 583.035 662.998 560.737 703.763 548.342 733.229 538.746 605.036 612.169 667.053 590.504 704.684 577.661 731.981 567.676 611.986 639.494 659.581 623.203 688.266 613.335 712.248 605.925 40.571 10.522 28.788 16.848 26.795 20.908 28.943 18.02 7.021 15.867
300 1 Right 523.191 638.932 539.496 583.347 577.812 552.963 617.843 546.119 645.086 549.056 591.468 542.07 652.166 525.298 687.104 517.109 712.688 511.795 608.231 567.916 673.724 544.446 712.31 531.09 740.192 521.968 621.66 596.352 681.979 572.906 717.24 559.054 742.609 549.031 630.421 624.071 676.982 603.664 703.84 591.35 726.214 581.734 38.363 17.743 29.922 15.357 25.825 24.068 26.845 19.857 11.061 21.964
400 1 Right 526.872 636.852 543.481 577.833 582.248 547.211 621.264 543.451 647.601 550.38 599.407 538.664 657.678 520.695 690.528 512.639 715.228 507.128 616.223 564.99 677.772 539.879 713.431 526.183 740.197 516.32 629.299 593.125 685.422 567.605 718.658 553.623 743.572 543.548 636.746 619.396 679.873 597.04 705.256 585.29 726.957 576.574 35.058 16.324 27.475 18.314 35.649 20.524 18.565 25.268 12.789 13.181
500 1 Right 532.293 635.404 551.284 576.766 590.529 547.435 627.398 542.646 653.702 547.912 610.812 540.006 663.527 522.57 693.878 515.075 716.563 511.48 626.798 565.027 684.959 542.489 719.115 530.215 744.925 522.29 638.139 593.532 693.188 569.731 725.324 556.335 749.693 546.828 643.24 622.329 684.23 604.552 708.965 593.027 729.57 583.383 36.304 10.963 33.965 20.8 32.206 14.615 22.202 27.789 15.211 18.243
600 1 Right 533.503 635.083 554.039 576.346 593.533 548.634 629.186 546.537 653.759 554.552 615.39 539.964 668.398 526.481 697.765 521.614 719.355 520.062 631.982 565.041 688.99 546.781 721.427 537.203 746.168 530.791 642.744 593.469 696.522 573.971 727.225 563.296 750.911 555.018 646.328 622.837 686.976 606.449 710.336 595.884 729.392 586.716 26.343 27.254 31.821 23.203 34.116 15.546 24.04 27.371 17.891 17.895
700 1 Right 531.595 634.73 554.323 575.485 594.422 548.665 629.718 547.033 653.571 554.827 616.252 541.191 668.351 528.647 697.258 524.275 718.66 522.893 632.565 566.459 687.773 548.3 719.607 538.811 744.094 532.593 642.919 595.076 694.942 575.321 724.901 564.583 748.446 556.064 646.004 624.82 686.386 608.224 709.387 597.995 728.351 589.258 27.762 29.441 35.896 18.536 37.216 16.904 25.629 27.329 20.269 15.07
800 1 Right 530.838 633.185 553.314 575.07 593.309 547.915 628.717 545.341 652.861 552.46 617.63 540.838 668.96 528.075 697.499 523.725 719.436 522.517 633.838 565.929 687.638 547.968 718.783 538.502 743.265 532.455 643.885 594.837 695.366 575.388 724.559 564.286 747.53 555.167 646.556 624.944 687.055 608.362 709.986 597.593 728.908 588.039 25.856 28.058 35.581 15.786 37.617 15.143 20.728 27.05 17.424 17.879
900 1 Right 531.912 631.433 555.025 572.951 595.259 546.32 631.074 544.722 655.209 553.226 618.293 539.474 670.631 527.062 699.378 523.067 721.356 522.132 634.26 565.364 688.772 547.316 720.211 538.012 744.643 532.373 644.198 594.957 695.799 574.839 725.293 563.405 748.386 554.205 646.823 625.113 687.053 608.096 710.183 597.273 729.393 587.642 32.027 26.196 34.942 18.393 36.853 15.421 22.996 25.32 16.192 19.165
1000 1 Right 528.529 625.148 550.037 567.182 589.923 540.688 625.972 537.752 649.214 544.639 611.467 531.876 664.702 519.063 693.849 514.283 715.587 512.186 627.217 557.887 685.291 540.043 718.843 529.286 744.043 522.447 637.214 587.292 691.949 567.679 723.557 555.96 747.538 547.459 640.059 615.98 681.895 599.931 706.652 590.067 726.816 582.012 32.761 34.135 32.943 16.183 37.149 17.017 22.803 24.838 19.476 15.095
1100 1 Right 520.058 623.55 537.364 564.335 577.533 534.281 616.323 529.453 641.012 534.467 597.176 526.694 654.205 510.142 685.645 503.621 708.873 499.959 613.3 553.02 673.661 529.936 708.396 515.744 733.688 505.992 624.585 581.895 681.209 558.226 714.262 544.613 738.394 534.915 630.051 609.312 675.748 589.892 703.171 577.591 726.193 567.39 34.38 27.699 34.655 22.007 35.107 22.672 27.243 25.97 14.066 18.572
1200 1 Right 491.73 615.134 506.294 553.089 543.063 520.424 582.064 513.32 607.977 516.62 559.574 512.086 616.682 487.774 649.102 475.479 673.272 466.823 576.828 537.411 637.548 506.653 672.707 488.601 699.237 474.944 590.692 564.886 647.094 533.861 679.997 515.035 704.16 500.437 599.661 591.769 643.501 568.449 668.429 554.044 689.336 542.274 35.177 11.341 37.628 5.986 38.923 18.442 24.758 27.631 18.692 18.534
1300 1 Right 477.147 613.622 487.496 552.646 521.84 515.689 560.813 505.163 588.485 506.972 532.189 505.414 590.758 478.629 624.791 465.545 650.205 455.959 551.933 530.328 614.271 496.176 650.796 476.458 677.003 461.846 569.682 557.974 626.392 523.276 660.26 501.809 684.313 484.871 582.677 585.505 626.366 556.967 651.132 538.796 670.958 524.013 32.499 18.697 31.067 15.125 32.353 17.28 19.22 22.682 14.324 18.158
1400 1 Right 437.207 626.973 440.399 569.236 468.741 527.251 507.073 508.303 535.028 503.807 473.264 512.189 532.486 475.067 565.369 454.889 588.28 438.445 493.497 533.475 556.569 488.125 591.859 461.74 616.681 440.61 513.883 559.386 571.292 515.114 603.154 489.728 624.69 469.815 531.414 586.929 574.056 551.909 596.809 531.531 615.053 514.84 21.523 22.525 28.61 23.51 30.633 23.03 27.279 18.433 18.174 24.165
1500 1 Right 410.963 637.476 412.114 578.956 439.128 534.787 476.484 514.662 505.008 509.353 439.437 522.22 494.042 479.568 526.637 458.185 551.559 442.058 461.553 544.186 517.99 494.927 552.189 466.156 577.195 444.291 483.77 569.528 536.526 522.077 567.205 494.429 588.378 473.394 503.05 596.087 543.1 559.607 564.882 536.411 581.559 518.012 28.131 19.722 31.558 11.753 27.472 20.208 19.262 25.187 13.198 18.738
1600 1 Right 384.403 660.065 381.701 605.156 407.611 557.826 445.886 533.007 476.18 523.878 402.175 545.476 456.434 498.475 489.412 475.597 514.022 458.268 424.221 567.904 479.115 513.943 512.995 484.635 536.967 463.073 447.574 594.164 497.585 543.509 527.592 515.369 547.597 494.251 469.571 619.88 508.1 581.065 529.611 558.287 546.813 540.758 30.492 14.334 33.209 16.744 25.551 24.54 24.435 18.978 12.45 20.904
1700 0
1800 1 Right 316.272 747.145 304.43 698.766 314.854 652.739 341.353 625.115 365.615 611.602 298.606 647.748 337.266 603.967 364.034 580.644 385.345 563.1 321.422 671.289 360.641 623.762 386.642 594.385 406.018 571.368 347.673 696.776 384.956 651.782 408.437 625.167 424.24 603.212 372.972 719.859 400.817 684.569 417.168 662.979 430.109 644.389 30.265 12.483 43.934 6.057 39.109 21.66 30.636 25.568 20.594 26.32
1900 1 Right 301.786 774.644 287.353 725.987 296.519 673.908 324.426 638.917 349.702 619.643 270.907 679.426 309.194 640.418 335.802 621.603 354.359 608.188 289.916 709.564 330.303 664.841 356.447 639.463 373.093 622.199 314.898 738.182 352.776 695.786 376.378 671.692 388.119 654.348 342.737 762.841 372.355 728.162 386.936 710.803 394.002 696.604 31.172 17.474 36.602 29.686 50.117 17.567 46.386 32.682 44.146 42.823
2000 1 Right 293.878 789.057 279.972 742.746 287.031 695.614 312.803 662.945 335.872 643.168 265.5 694.298 301.993 657.473 328.831 634.367 348.957 617.613 284.418 721.48 323.416 679.082 350.946 651.111 370.692 631.792 308.212 748.875 345.523 710.516 369.869 685.734 385.148 668.012 334.228 773.188 364.101 742.929 381.396 723.94 393.898 708.069 44.293 21.924 44.157 24.06 41.066 22.438 50.591 34.267 30.681 13.736
2100 1 Right 286.777 784.338 282.555 736.86 298.496 692.161 331.44 665.063 360.287 651.554 272.067 680.763 313.103 649.546 343.705 630.102 369.101 616.876 285.825 709.829 331.05 675.068 366.347 650.747 395.546 632.874 306.043 739.715 355.147 709.746 390.287 689.689 417.86 675.276 329.528 766.632 369.373 740.069 394.443 723.712 416.118 710.045 50.489 12.56 38.26 19.493 44.285 22.079 11.766 29.583 3.894 9.195
2200 1 Right 287.579 770.641 287.433 721.09 308.278 676.087 345.235 649.844 376.404 636.885 280.551 662.645 323.095 634.213 354.234 616.154 381.479 603.636 290.109 694.252 340.623 661.894 380.064 640.01 413.383 624.284 308.041 727.109 365.815 699.458 406.429 681.042 439.211 667.816 330.345 757.681 380.232 735.73 410.169 720.518 436.067 707.31 26.396 6.259 28.231 15.692 42.567 17.491 13.124 26.723 6.546 21.765
2300 1 Right 285.526 751.709 288.545 700.0 312.938 654.74 350.803 628.435 381.776 614.767 289.214 640.625 335.471 613.877 368.514 597.01 396.366 585.722 297.377 673.098 354.823 642.05 399.327 622.6 435.514 609.589 313.116 707.778 375.583 682.373 418.525 664.667 451.383 652.33 332.841 740.914 386.591 721.528 418.489 707.162 444.505 695.13 35.625 16.24 16.159 29.529 42.599 16.884 17.316 20.699 4.794 30.868
2400 1 Right 283.117 711.515 289.481 649.732 320.493 605.811 356.152 583.969 383.695 570.657 318.665 588.577 364.227 567.911 389.968 549.387 409.985 534.609 324.941 613.324 386.862 587.513 419.541 578.183 443.0 575.303 336.775 643.824 403.139 621.645 422.776 613.854 430.057 611.67 349.984 677.399 401.127 662.24 416.833 651.164 424.074 644.515 50.902 32.411 39.109 26.756 49.243 28.395 52.812 29.957 28.496 45.721
2500 1 Right 279.569 658.919 296.01 594.121 333.488 550.367 368.739 527.423 397.438 511.55 330.364 536.587 372.654 512.848 399.952 495.326 418.801 480.896 342.781 562.495 414.851 537.247 431.245 537.579 431.429 542.045 355.867 593.478 429.184 573.615 425.612 577.217 410.168 580.947 366.982 627.669 425.151 608.649 419.058 607.851 401.632 610.135 59.946 31.991 42.159 44.914 52.621 47.467 68.22 45.46 58.033 54.185
2600 1 Right 321.043 512.457 337.861 456.644 381.61 404.827 412.261 365.035 420.213 329.117 390.429 392.248 446.559 367.874 484.022 356.464 512.2 347.455 397.928 419.939 474.314 422.376 458.576 441.607 434.222 446.606 405.78 456.627 475.169 455.69 455.863 470.52 431.56 474.757 412.27 494.629 465.895 487.588 449.004 496.778 428.58 500.065 30.909 19.853 36.786 2.66 83.795 22.536 50.076 21.89 66.273 33.757
2700 1 Right 325.948 468.339 352.796 403.975 399.939 356.295 432.607 318.287 439.232 281.73 411.974 339.135 469.813 320.733 506.749 307.186 536.808 293.793 423.97 362.858 496.512 368.879 480.687 385.018 455.092 389.34 433.051 395.742 492.072 405.984 474.647 418.072 454.999 418.298 437.784 430.942 484.205 437.157 467.842 444.634 447.893 444.081 37.039 18.665 36.793 14.398 72.176 28.029 52.746 17.741 59.192 33.368
2800 1 Right 341.574 391.158 380.198 321.375 430.265 276.711 459.429 240.427 464.769 206.816 450.455 263.051 498.736 249.823 526.477 239.76 548.947 226.148 460.389 281.521 518.874 295.609 511.993 304.5 498.642 301.177 468.474 309.217 519.878 327.357 506.906 332.387 491.475 327.691 472.503 339.738 511.333 353.744 496.718 356.401 478.893 352.831 22.377 31.885 27.318 33.829 58.434 29.441 46.369 32.717 56.892 20.706
2900 1 Right 366.945 335.414 401.554 274.258 450.524 232.078 476.178 198.625 475.717 166.205 481.853 210.408 538.615 198.736 574.7 188.549 603.664 177.299 491.332 228.282 548.374 257.418 532.37 272.742 511.387 270.64 497.78 257.939 545.19 287.234 527.645 297.209 511.247 292.143 500.28 291.03 534.106 314.848 516.999 321.719 500.123 317.546 17.624 22.031 17.653 11.172 73.263 23.788 56.54 28.053 63.591 31.208
3000 1 Right 394.535 273.826 435.671 211.211 486.006 172.946 509.387 142.072 505.947 114.222 516.764 152.342 574.501 146.711 614.297 140.787 644.605 134.605 527.965 172.324 579.044 197.214 565.859 212.976 544.376 214.423 534.611 203.268 576.71 226.482 561.711 237.386 543.24 235.224 536.036 237.36 564.808 258.117 548.724 264.43 529.243 261.717 20.106 27.834 16.538 9.696 64.271 22.083 47.413 34.35 54.571 41.88
3100 1 Right 427.362 237.664 461.9 184.535 506.365 151.842 526.493 122.283 524.803 96.438 549.816 129.022 608.106 125.74 648.151 124.884 677.607 123.771 560.551 147.882 601.078 178.958 585.689 195.27 565.222 194.987 565.194 178.074 595.015 208.692 577.858 221.331 559.138 219.2 564.482 211.142 583.603 237.656 566.012 246.891 546.643 244.797 19.602 24.96 27.326 14.975 63.331 25.291 52.926 17.917 40.084 42.67
3200 1 Right 454.767 207.127 485.676 162.587 527.298 130.987 545.062 104.506 539.695 82.917 571.3 114.665 631.038 112.549 667.272 111.461 694.252 109.684 578.758 134.437 613.817 168.053 597.535 181.59 579.441 178.79 580.093 164.627 605.389 194.92 589.506 205.602 574.65 202.149 577.191 196.495 595.938 222.1 580.789 230.409 565.738 228.953 17.267 30.145 16.284 11.072 63.814 28.066 45.135 29.539 49.999 41.07
3300 1 Right 485.484 182.014 510.292 141.07 550.404 114.993 568.267 90.625 563.164 70.215 598.241 99.045 657.033 101.222 692.718 102.843 718.902 103.532 607.935 120.281 634.449 157.748 616.832 168.652 600.327 163.75 608.941 150.138 622.308 180.104 606.041 187.875 593.353 182.38 606.033 179.603 610.286 203.8 593.71 208.85 579.84 204.132 22.988 28.305 3.044 13.38 41.194 35.505 23.82 35.066 34.989 43.022
3400 1 Right 500.865 171.128 523.976 135.377 561.093 112.223 576.655 88.6 571.088 67.54 606.084 96.947 663.76 98.502 700.21 101.52 727.523 103.163 617.678 115.223 631.86 148.085 614.935 158.994 602.521 154.456 620.872 142.428 627.948 173.517 611.173 180.776 597.64 174.411 620.268 169.938 621.584 195.627 605.21 201.672 590.948 197.75 14.174 34.513 1.747 12.999 33.006 39.364 17.271 39.639 29.407 44.09
3500 1 Right 522.045 161.064 541.194 126.617 575.29 104.893 590.469 82.592 586.332 63.62 622.618 95.527 678.755 96.067 714.516 99.156 741.291 100.852 634.271 112.144 646.098 139.376 631.801 149.346 622.512 146.046 637.762 137.208 639.752 166.572 624.24 173.897 613.203 168.17 637.304 163.12 633.608 190.8 617.593 196.062 604.943 191.233 14.194 27.187 9.756 12.867 25.707 46.263 15.496 44.176 30.577 38.344
3600 1 Right 528.437 156.933 546.038 124.262 580.173 102.965 596.799 82.999 591.839 65.03 627.903 93.801 681.51 94.954 716.28 98.739 742.488 101.003 638.93 110.048 645.352 139.827 627.879 148.158 615.049 142.587 641.059 135.072 640.47 163.174 624.146 169.349 611.795 163.0 639.436 160.533 636.277 187.198 620.649 192.205 608.139 187.666 12.083 26.582 3.256 20.234 37.193 43.768 19.875 45.447 18.792 46.59
3700 1 Right 536.603 158.99 553.276 125.535 585.404 103.632 600.663 83.408 597.709 65.879 633.154 94.983 687.435 96.644 721.43 101.188 746.856 104.133 643.186 111.097 654.764 135.318 641.774 144.417 632.711 141.401 645.647 135.328 646.578 160.153 631.491 166.171 619.845 160.623 644.167 160.291 639.56 184.326 624.374 188.987 612.543 185.36 12.222 21.037 2.279 13.192 40.204 39.055 22.352 40.971 21.474 40.134
3800 1 Right 538.082 160.894 557.467 124.87 587.837 102.272 601.158 81.324 600.024 64.373 631.973 95.123 686.781 98.384 721.77 101.212 748.6 103.349 644.024 111.489 680.678 119.177 706.363 116.597 727.805 110.923 649.098 135.495 654.794 163.301 637.052 168.587 619.877 164.209 648.571 162.179 640.871 190.429 624.284 193.057 609.008 188.884 12.354 16.403 10.339 10.578 10.977 12.806 36.907 36.174 26.244 46.057
3900 1 Right 540.878 171.827 556.201 135.208 586.205 114.029 598.448 94.08 597.85 77.806 635.631 108.241 689.91 110.087 724.431 112.993 750.254 114.718 647.091 126.875 656.473 157.94 638.599 165.958 624.142 160.34 649.294 153.357 647.117 181.169 628.889 187.398 615.105 181.929 646.865 179.399 639.925 205.271 620.466 208.115 605.382 202.761 8.55 12.296 21.708 20.068 60.37 60.721 30.896 50.717 20.216 68.917
4000 1 Right 540.04 180.905 555.093 143.442 584.709 121.929 598.478 101.85 598.609 84.966 634.976 117.861 689.962 118.425 724.964 121.123 750.217 122.268 645.443 138.354 656.042 166.862 638.517 174.778 624.695 168.627 646.315 165.606 645.195 189.135 627.922 195.504 614.95 189.998 642.637 191.931 636.494 214.61 619.074 217.164 605.419 211.844 9.58 11.836 17.128 25.698 64.461 65.678 33.108 49.939 18.909 56.669
4100 1 Right 538.487 211.483 557.041 174.685 585.768 151.916 600.484 129.83 600.33 110.031 626.372 141.642 676.27 131.141 710.284 129.769 736.96 132.891 639.844 159.705 687.06 153.94 722.684 151.498 751.658 151.731 646.273 185.669 653.914 206.004 635.026 212.786 616.71 214.469 646.008 216.057 638.797 236.607 622.562 239.143 608.329 237.215 6.351 26.309 1.734 8.642 9.933 5.59 41.599 14.799 27.452 43.499
4200 1 Right 537.97 233.699 557.193 192.91 586.144 167.868 602.255 144.951 602.147 124.353 628.615 166.551 669.253 169.607 685.702 177.921 692.865 183.443 642.217 186.227 652.626 208.433 636.42 217.299 621.887 215.849 646.689 214.102 648.236 235.791 631.581 242.012 616.936 239.836 646.183 244.478 638.618 270.032 620.926 273.509 606.963 271.392 17.184 20.283 18.194 36.281 48.707 37.211 31.443 44.536 25.563 53.581
4300 1 Right 543.293 284.212 562.041 240.805 589.944 212.73 602.761 186.734 603.488 164.595 639.605 215.715 682.769 219.221 707.361 222.717 722.934 224.84 652.572 236.229 658.651 261.019 639.283 268.542 624.145 266.39 655.601 264.56 652.47 285.125 634.686 290.159 619.628 287.419 653.687 292.738 644.756 310.495 626.587 314.328 611.389 312.674 16.888 19.862 19.306 49.859 63.025 23.305 47.053 29.058 26.885 51.592
4400 1 Right 541.591 317.017 560.117 271.921 589.271 243.414 605.45 216.603 604.943 192.251 633.808 241.601 676.375 236.741 691.175 241.789 695.856 245.689 648.981 263.048 657.629 285.629 639.15 296.225 624.429 295.681 654.185 292.726 655.241 313.229 637.842 321.952 623.63 321.116 654.04 322.305 651.994 342.579 634.358 348.59 619.466 348.082 22.018 23.81 6.275 53.97 52.01 21.52 25.789 26.02 24.451 51.192
4500 1 Right 542.327 345.591 559.594 304.428 590.325 273.633 604.702 244.487 604.246 218.376 638.282 272.96 688.251 275.698 721.764 279.279 746.223 280.732 650.947 295.382 660.85 318.206 639.597 325.096 622.836 320.866 653.716 325.257 657.87 343.294 639.767 348.156 623.041 343.765 651.997 354.878 650.547 369.212 632.903 372.738 617.438 369.539 19.252 16.701 12.946 30.545 45.869 23.348 27.044 25.916 19.838 44.211
4600 1 Right 540.985 406.532 555.05 358.008 585.259 323.842 603.641 294.776 604.97 268.924 634.276 322.515 680.305 297.853 713.136 290.006 737.186 285.842 649.178 347.873 659.818 360.168 641.692 371.547 626.981 375.436 652.995 381.255 648.153 391.772 631.522 399.045 617.273 400.963 651.298 414.459 644.109 421.9 628.168 426.958 615.796 428.026 18.487 18.767 18.623 27.711 61.804 23.325 30.448 12.94 21.539 51.901
4700 1 Right 542.065 441.077 555.67 388.08 587.894 351.739 605.321 321.782 604.001 296.783 642.856 365.575 696.088 362.459 730.828 363.134 756.686 363.787 655.721 394.607 660.783 402.581 640.652 405.836 625.176 405.369 655.871 426.834 654.412 429.24 638.061 432.279 622.904 431.812 651.716 455.231 645.571 458.986 629.414 460.743 616.335 460.712 18.827 8.501 24.925 21.934 43.427 27.516 22.537 20.583 15.317 66.392
4800 1 Right 538.399 494.65 551.382 441.11 584.899 402.014 607.099 371.457 611.355 344.764 639.416 410.979 695.601 411.802 730.584 414.366 756.601 415.916 653.099 443.633 659.946 445.972 641.122 448.799 625.006 452.213 653.43 478.179 651.769 474.675 635.25 477.781 618.608 481.661 648.891 508.688 643.98 504.6 628.542 505.989 615.574 508.884 24.152 13.878 14.375 33.66 56.632 24.19 41.873 19.658 14.168 66.08
4900 1 Right 535.297 527.343 547.509 474.816 579.682 435.726 602.382 405.194 607.904 375.372 636.518 442.716 695.719 444.821 730.821 445.426 757.486 443.82 650.272 473.898 661.416 481.755 640.99 483.543 623.923 482.979 651.026 508.186 653.123 509.115 637.077 512.309 619.935 513.133 647.318 538.661 644.598 537.287 628.142 538.812 613.403 539.285 22.248 10.186 15.41 26.341 49.097 30.873 16.766 3.513 2.992 49.619
5000 1 Right 535.092 579.1 547.454 521.951 582.696 478.309 606.143 444.096 609.033 414.235 639.958 497.206 695.681 493.604 728.542 494.913 754.569 496.464 651.595 528.919 664.154 528.705 644.994 530.198 628.563 534.071 649.7 562.35 653.749 555.77 636.446 558.353 620.058 562.977 644.165 591.714 645.74 584.17 629.88 585.163 615.79 588.437 22.711 14.727 8.801 27.29 45.26 17.919 23.378 11.424 12.746 50.87
5100 1 Right 536.933 599.708 549.809 544.565 582.224 504.534 605.114 469.637 609.603 439.303 638.714 520.716 696.983 519.553 730.826 520.217 757.809 520.251 650.348 554.265 664.373 553.238 645.093 552.534 627.07 554.865 647.139 588.236 652.984 580.935 636.45 582.475 618.443 586.455 640.391 617.67 643.182 608.743 626.743 608.957 611.056 611.757 46.157 3.22 19.105 23.493 14.375 32.536 18.516 18.22 1.548 49.954
5200 1 Right 539.925 619.744 550.413 565.029 582.466 525.837 606.242 491.629 612.451 462.353 640.04 541.652 698.277 539.563 732.147 540.236 759.047 541.16 652.066 575.627 664.234 569.568 645.209 569.2 628.282 574.107 648.644 609.271 652.952 596.996 636.588 598.167 619.583 604.047 641.886 638.15 646.023 625.495 629.774 625.088 614.095 629.272 63.746 20.424 31.24 35.698 27.817 38.284 13.926 71.61 12.344 87.978
5300 1 Right 540.981 655.044 552.157 597.869 584.995 558.373 610.047 523.923 616.801 493.868 642.696 575.995 702.715 573.201 736.792 572.965 762.5 573.339 655.811 610.936 667.62 600.942 648.379 598.878 630.666 603.846 652.395 645.173 655.971 629.482 639.074 630.418 621.882 637.165 645.012 673.688 647.973 659.505 632.024 658.779 616.453 663.169 71.791 29.209 25.55 31.347 23.695 38.553 18.278 59.72 3.812 84.274
5400 1 Right 543.173 661.958 555.746 604.781 587.466 565.754 613.458 532.056 619.092 502.525 642.239 582.749 702.217 581.507 736.439 580.875 762.006 580.949 655.408 618.156 669.55 609.866 650.182 607.692 632.091 611.695 653.525 652.509 658.783 638.141 641.911 638.481 623.959 644.008 648.475 682.273 651.539 667.195 635.328 666.413 619.929 671.181 101.087 59.351 32.376 88.504 45.35 27.762 13.951 111.408 55.76 107.957
5500 1 Right 544.365 665.24 555.182 608.36 586.354 569.431 612.374 534.945 618.473 505.508 643.368 586.333 702.637 584.28 736.906 582.491 762.082 581.623 656.984 621.411 669.34 613.021 650.991 611.768 633.46 616.386 654.892 655.256 656.873 641.316 640.54 642.568 623.413 648.29 649.264 684.385 649.123 670.778 633.295 670.754 618.627 675.286 68.718 37.183 20.912 50.799 44.871 21.338 8.708 82.623 35.863 103.506
5600 1 Right 543.594 663.07 554.78 606.527 587.399 567.43 612.597 533.161 617.385 503.845 643.155 583.69 701.244 581.582 735.729 580.592 761.43 580.616 656.152 618.178 668.447 609.482 649.976 609.094 633.011 614.031 654.484 651.667 656.216 637.36 639.899 639.106 622.859 645.025 648.668 680.575 647.719 667.027 631.917 666.874 617.477 671.295 38.743 15.386 11.846 32.19 40.379 21.595 17.854 41.045 10.039 89.308
5700 1 Right 543.361 659.238 554.818 602.43 587.444 563.061 612.13 529.072 616.803 500.474 642.09 579.242 700.645 577.416 735.242 576.707 760.952 576.943 655.118 613.718 669.639 605.723 651.478 605.217 634.274 609.825 654.018 647.319 657.352 633.759 641.614 635.359 624.872 641.077 648.766 676.184 649.09 663.157 633.88 662.82 619.89 666.981 33.893 15.36 6.273 30.27 41.356 19.808 17.41 34.764 9.557 84.357
5800 1 Right 542.795 653.34 554.2 596.758 586.707 557.737 612.097 523.709 617.641 494.97 641.655 573.55 701.297 571.799 735.562 571.562 760.827 572.212 654.225 607.869 669.785 601.045 650.761 599.991 632.541 603.899 652.544 641.305 655.897 628.726 639.534 630.35 622.863 635.682 647.296 670.091 647.129 657.737 631.614 657.349 618.137 660.894 47.609 29.781 15.453 36.499 55.685 18.264 19.861 59.845 28.79 96.734
5900 1 Right 541.851 651.418 553.445 594.48 585.569 556.233 611.105 522.133 617.048 493.36 640.535 572.282 699.912 571.274 734.298 570.246 759.664 569.797 653.782 606.958 668.297 601.729 649.924 601.215 631.752 605.115 651.52 641.15 654.644 630.318 638.12 631.711 620.502 636.66 645.428 670.905 644.828 660.049 628.38 659.363 613.164 662.441 70.128 36.254 23.58 51.384 48.048 23.958 12.155 88.067 36.566 102.043
6000 1 Right 540.398 651.197 551.507 594.484 583.685 556.071 609.042 521.386 615.266 492.112 638.653 570.921 698.136 570.039 732.774 569.149 758.069 568.85 652.059 605.665 668.305 601.897 649.808 601.543 631.292 604.801 650.526 640.029 654.987 630.693 638.35 632.057 620.344 636.491 645.101 669.965 644.965 659.68 628.17 659.322 612.665 662.354 70.267 35.476 26.083 49.964 52.022 25.468 13.063 85.677 36.976 101.12
6100 1 Right 539.94 653.429 551.106 596.757 583.043 557.491 608.624 523.526 615.01 494.409 639.238 573.534 697.798 572.098 733.046 570.924 758.673 570.137 652.937 608.052 664.311 603.486 646.142 603.256 628.816 606.996 651.174 642.098 651.797 631.89 635.898 633.238 618.733 637.685 645.274 671.86 643.429 661.104 627.6 660.709 612.545 663.858 62.628 31.885 24.945 51.448 49.527 24.632 14.536 87.69 36.535 106.499
