8167
82
0 0
100 0
200 0
300 0
400 0
500 0
600 0
700 0
800 0
900 0
1000 0
1100 0
1200 1 Left 1051.609 738.95 1016.6 784.739 1014.696 847.778 1020.306 906.121 1035.64 954.037 1085.757 821.255 1132.306 890.837 1120.421 938.822 1100.149 957.032 1128.996 814.752 1176.209 904.964 1156.907 954.318 1127.73 961.588 1155.013 815.471 1199.065 897.642 1180.282 941.87 1153.223 952.713 1167.681 818.41 1200.81 883.606 1189.523 922.479 1167.185 938.15 20.108 18.216 123.666 31.136 64.404 32.621 88.763 21.835 52.828 44.434
1300 2 Left 1057.253 692.521 1013.909 734.989 1002.803 791.278 1011.741 846.345 1033.226 892.299 1077.749 743.2 1122.109 807.223 1114.404 858.129 1095.65 883.6 1123.817 745.897 1161.346 830.938 1137.989 882.213 1105.146 893.811 1150.393 756.336 1189.241 832.185 1165.643 877.933 1134.489 890.571 1163.825 767.544 1195.166 825.494 1179.902 862.041 1154.032 876.696 14.305 36.096 166.825 19.872 135.093 46.208 146.494 22.134 116.466 58.688 Right 159.623 817.826 200.864 838.809 217.022 879.196 210.458 922.195 188.541 952.879 134.031 857.664 108.168 901.521 119.623 933.832 139.098 946.887 89.296 866.644 61.621 928.521 89.978 959.357 121.658 959.997 59.379 876.574 36.426 936.134 68.23 962.611 97.839 963.684 42.867 884.248 31.091 931.648 54.729 954.737 80.254 956.748 18.168 48.116 64.781 43.349 66.322 46.635 79.62 32.264 69.005 38.392
1400 1 Left 1056.44 721.714 1014.618 723.26 990.657 739.33 992.587 757.391 1004.633 769.594 1045.014 719.452 1080.967 697.208 1071.071 721.353 1056.081 748.729 1091.861 725.564 1123.699 702.499 1103.247 728.691 1074.265 749.619 1122.732 731.095 1150.313 706.048 1130.37 730.277 1103.622 751.631 1140.465 733.559 1159.819 718.995 1144.609 733.867 1123.572 751.238 9.479 39.141 170.314 12.599 137.69 10.645 141.029 7.898 100.945 74.869
1500 1 Left 1013.53 705.858 981.442 693.469 963.782 690.214 963.688 703.44 975.032 725.408 1025.761 663.872 1054.887 631.566 1042.818 651.255 1024.779 673.018 1067.275 683.374 1104.293 645.957 1081.497 656.712 1054.639 665.818 1094.013 706.395 1126.767 672.517 1112.03 672.02 1090.398 668.25 1109.7 729.602 1131.473 705.245 1121.166 699.834 1104.652 693.626 34.057 99.723 137.916 66.638 62.865 126.79 78.499 49.1 69.5 131.75
1600 0
1700 2 Left 991.159 540.958 954.121 543.322 920.995 538.714 908.671 566.279 915.829 603.313 957.852 498.037 970.559 524.598 962.774 566.861 945.536 598.255 1004.587 506.749 1020.645 528.844 1005.212 579.953 983.354 611.488 1038.641 524.132 1057.338 549.04 1039.697 597.987 1017.201 623.836 1058.738 544.677 1071.349 576.802 1060.044 611.124 1044.714 628.008 24.492 32.428 77.111 42.618 93.032 76.525 61.923 59.748 55.519 58.889 Right 241.642 547.253 288.41 568.944 317.018 603.655 313.214 653.565 309.745 699.504 262.815 554.527 245.734 591.599 247.789 634.299 253.4 659.122 212.773 562.185 194.973 604.997 203.337 655.004 215.654 675.011 176.07 574.944 157.799 615.761 169.439 662.416 186.773 677.834 154.94 589.612 134.308 626.195 142.335 662.491 156.674 676.248 41.715 16.133 71.463 32.444 90.256 66.14 90.488 42.545 50.137 78.248
1800 2 Left 964.809 566.082 927.61 562.366 890.066 556.034 873.387 582.873 873.287 616.3 929.89 480.248 934.038 498.313 928.371 542.575 916.773 580.035 977.101 483.314 986.514 503.134 973.883 558.216 955.582 593.041 1012.161 500.347 1023.047 524.051 1006.908 573.085 987.277 599.731 1035.359 524.519 1040.172 551.174 1025.799 586.805 1009.03 604.38 19.296 30.88 81.373 24.928 93.74 65.298 72.704 51.503 70.091 47.978 Right 253.625 532.591 301.917 547.423 337.266 587.404 335.845 628.941 319.209 668.183 276.821 525.092 263.928 564.399 276.565 617.126 290.34 650.373 225.73 541.124 217.639 588.783 240.175 643.522 261.292 659.497 192.544 564.72 189.291 609.214 213.707 652.158 232.154 661.28 169.838 586.822 173.789 627.086 192.888 656.182 210.846 661.381 10.263 33.688 100.108 20.799 102.757 58.167 143.952 22.882 141.186 10.336
1900 2 Left 958.318 564.977 921.411 559.282 882.032 554.121 869.06 580.137 878.238 613.162 900.373 480.099 906.178 493.812 908.224 534.406 903.328 568.108 946.469 475.985 944.648 490.717 937.052 545.37 926.914 580.818 986.303 486.868 985.871 512.015 972.372 567.097 956.177 595.831 1018.245 508.309 1019.039 538.897 1005.431 580.005 988.967 599.483 26.524 31.881 76.286 12.378 87.769 63.79 65.553 59.405 65.966 54.547 Right 251.526 533.307 303.367 547.367 339.707 584.873 343.191 624.51 330.127 661.537 284.514 523.501 276.809 558.405 286.811 608.341 297.479 639.775 231.67 536.948 232.224 581.651 252.527 635.712 269.937 651.902 195.178 559.236 199.679 604.176 222.052 645.414 238.43 653.499 170.691 580.583 181.379 622.838 202.118 651.487 219.908 655.618 8.676 30.852 94.134 28.064 80.377 56.844 116.582 17.015 102.055 10.107
2000 2 Left 954.517 563.926 913.927 555.921 880.09 555.349 870.822 581.351 876.756 611.431 894.783 475.873 903.337 491.368 908.514 528.915 905.94 561.322 939.48 471.656 934.523 493.679 927.311 540.284 918.202 571.803 979.078 481.998 976.665 513.367 962.46 561.489 945.309 589.975 1012.22 502.648 1012.819 536.924 1000.783 573.368 984.918 593.745 28.999 22.312 70.062 14.776 77.565 71.286 64.009 52.396 54.905 31.256 Right 253.542 528.697 303.215 540.259 338.806 577.122 348.193 619.896 339.188 654.087 285.052 516.514 284.492 554.315 293.065 603.254 300.41 632.955 238.994 528.799 239.414 571.035 258.728 625.252 273.54 645.614 204.653 550.75 207.473 595.341 227.199 639.373 243.409 654.026 181.485 573.595 188.373 615.577 206.04 645.694 221.448 653.403 11.539 30.337 96.677 20.72 83.138 52.957 108.485 26.078 102.03 19.481
2100 2 Left 937.531 557.752 895.372 545.731 863.443 544.027 854.357 574.435 855.815 608.196 876.805 464.572 879.56 491.835 881.712 531.128 878.739 565.951 922.112 463.32 916.615 493.029 909.166 536.389 902.081 567.016 962.015 477.211 957.493 510.914 942.492 553.662 927.293 579.063 995.547 500.429 994.977 536.514 980.268 568.339 965.058 584.831 25.83 18.822 63.217 13.0 78.932 67.115 61.104 51.682 48.042 30.973 Right 296.249 515.185 315.343 531.737 340.245 567.538 357.648 610.283 350.917 637.435 278.61 502.22 283.555 538.581 299.159 589.861 306.634 619.26 260.714 504.172 252.718 546.988 273.507 606.427 287.852 629.764 257.026 518.896 246.271 566.53 266.484 620.148 282.737 641.353 262.508 539.692 266.235 587.447 279.418 630.324 291.51 649.251 41.005 48.971 76.097 17.027 94.432 40.933 95.513 34.182 51.639 39.668
2200 2 Left 925.14 550.407 882.512 540.289 849.768 540.3 839.587 569.229 839.884 601.092 860.025 460.488 858.7 487.458 860.026 527.355 856.877 561.501 904.636 457.641 895.771 482.339 888.745 526.002 882.18 557.088 944.681 470.089 938.464 499.417 924.533 543.392 909.605 570.051 978.595 493.231 977.935 525.633 963.932 558.169 948.322 575.945 27.076 20.022 70.067 12.772 73.221 70.983 56.795 50.673 45.827 35.034 Right 342.776 524.947 300.47 554.483 269.728 578.418 260.334 602.123 260.896 624.201 233.727 528.208 237.527 597.048 258.185 628.907 277.126 640.535 271.13 508.192 277.107 579.425 291.649 613.364 301.986 625.428 317.102 501.338 320.071 562.749 326.763 596.932 332.163 607.984 362.344 503.638 361.423 555.514 357.326 592.156 354.947 609.372 15.343 14.049 79.322 14.61 48.827 81.118 52.764 51.349 29.373 47.884
2300 2 Left 901.685 538.015 847.091 530.278 811.013 531.527 800.627 556.427 797.455 584.893 820.275 450.963 808.028 473.998 810.574 506.302 814.262 536.218 861.657 445.519 840.677 483.152 833.461 522.67 831.263 550.741 900.782 457.507 884.161 506.604 870.408 542.726 861.102 562.079 934.371 479.522 924.62 521.524 912.237 548.594 902.583 562.27 33.961 12.264 76.437 15.47 68.898 67.226 52.068 47.657 45.448 20.792 Right 382.987 520.807 351.11 548.797 324.288 577.849 313.972 605.808 313.083 619.541 270.762 528.178 272.041 583.991 293.488 607.06 308.323 609.836 298.866 504.326 298.543 564.122 318.134 593.185 332.681 599.482 337.241 489.24 333.315 542.409 348.149 574.877 359.757 585.343 379.495 482.31 380.401 523.517 386.72 555.06 391.616 569.623 9.196 14.922 83.187 30.55 88.781 62.202 63.075 55.545 32.741 56.194
2400 2 Left 864.263 530.112 812.417 529.749 775.577 531.142 765.826 556.793 768.043 587.658 787.461 451.604 780.13 485.057 784.308 518.57 788.639 539.411 830.238 447.921 820.241 501.531 814.154 536.212 810.42 547.54 870.468 460.501 863.838 514.688 850.265 547.626 840.408 559.326 904.403 480.029 900.113 521.566 888.642 546.862 879.457 557.914 28.82 14.636 71.074 24.084 62.763 91.245 49.475 63.117 35.209 31.344 Right 409.66 518.453 380.757 546.769 357.903 572.791 349.671 597.666 350.913 611.237 312.45 516.223 305.72 558.691 323.526 588.583 339.567 602.928 341.156 493.147 334.284 538.226 350.438 575.193 366.951 593.478 378.211 479.195 371.792 519.819 384.212 554.974 396.805 575.307 417.112 473.493 418.998 500.988 424.89 527.168 428.612 543.983 9.634 18.909 64.837 32.637 79.161 40.416 53.745 49.534 41.66 58.594
2500 1 Left 819.857 548.526 771.387 534.267 736.688 524.517 717.37 526.529 702.457 531.14 732.535 453.861 713.29 481.472 706.543 519.293 703.802 550.228 771.968 452.863 758.941 493.135 746.174 536.397 737.257 567.834 810.55 465.244 804.222 506.903 787.393 548.773 775.088 577.113 844.211 485.548 840.132 517.556 827.168 546.036 816.707 564.59 27.695 4.415 60.009 12.258 43.247 51.595 49.754 30.623 54.557 21.629
2600 2 Left 793.191 542.623 743.594 526.324 708.465 519.619 683.945 520.089 660.963 523.372 695.497 458.729 663.91 482.612 652.575 516.286 647.589 547.098 727.837 457.224 699.641 498.176 689.416 545.09 684.11 579.88 764.321 469.386 744.532 516.373 730.769 563.854 723.162 595.316 796.139 491.279 782.356 532.639 764.57 569.323 752.732 593.865 25.564 12.76 65.281 23.554 33.664 53.862 29.35 42.132 45.81 30.438 Right 505.429 494.279 568.188 507.56 603.174 541.608 608.61 586.454 603.412 620.196 588.635 480.705 616.673 512.079 626.452 553.473 629.335 584.969 544.106 476.87 573.895 543.218 579.128 571.018 576.957 576.138 502.609 487.74 528.325 559.802 541.099 579.099 542.38 572.93 467.956 506.035 489.585 566.119 509.395 579.446 520.686 571.232 24.891 16.484 60.61 41.751 103.751 35.952 110.096 44.29 55.193 50.091
2700 2 Left 760.935 544.053 714.333 538.614 682.792 538.897 665.67 550.034 651.604 565.375 671.452 473.219 654.28 500.445 654.302 537.666 654.941 566.97 711.25 470.059 700.666 512.917 693.731 560.769 688.06 590.718 752.868 481.723 748.849 527.525 735.156 572.848 724.679 601.788 788.99 502.221 784.832 541.478 770.743 575.89 758.203 597.409 20.015 8.434 65.428 21.233 58.071 48.33 30.246 36.86 52.516 30.923 Right 512.858 523.546 580.023 530.295 617.365 553.43 626.388 592.625 619.853 626.454 610.658 489.967 620.825 532.211 622.238 577.102 622.231 604.897 562.816 487.823 573.807 535.003 579.469 585.535 583.312 609.405 515.62 498.847 527.107 548.302 542.418 595.038 548.793 615.594 475.942 516.392 487.056 557.345 504.558 592.09 515.454 611.168 41.614 10.083 92.733 45.617 127.131 43.593 134.39 37.068 105.293 32.825
2800 2 Left 763.557 541.983 720.112 550.716 690.636 563.172 676.476 586.84 663.994 613.306 682.945 488.586 670.068 514.024 668.078 550.302 667.096 579.833 724.11 483.118 717.716 523.821 711.278 570.193 704.599 597.308 766.336 493.098 765.868 535.899 752.713 578.157 739.309 604.2 802.71 512.15 803.201 549.586 793.176 581.645 781.733 600.991 3.266 1.463 64.229 9.946 72.222 63.78 56.218 34.857 45.234 42.921 Right 491.943 544.658 553.197 550.194 593.336 567.695 605.067 604.824 601.562 642.799 588.047 496.573 590.867 531.504 594.46 570.876 594.235 591.746 541.321 492.411 549.013 538.526 557.488 588.634 560.65 609.65 495.479 503.826 504.125 551.108 519.433 599.303 524.884 620.954 457.285 522.524 468.05 563.187 484.437 598.217 493.761 618.729 32.429 20.196 75.956 44.34 96.958 43.472 85.614 32.399 56.343 75.097
2900 2 Left 776.225 544.579 731.596 550.559 697.66 564.957 684.844 602.948 680.412 640.262 701.117 497.125 695.757 528.173 698.019 563.618 696.697 582.859 744.437 494.211 742.289 530.838 737.245 578.576 731.931 598.45 786.814 504.169 788.534 544.052 776.864 590.924 765.873 613.785 821.019 521.497 825.486 551.938 816.337 580.336 807.493 595.107 12.592 19.112 54.973 34.555 82.713 74.95 46.02 51.772 58.038 42.215 Right 475.409 551.995 531.411 553.108 569.532 569.704 583.583 605.282 579.825 643.329 562.583 494.369 567.384 533.627 569.504 574.075 570.07 594.479 513.343 494.043 521.975 543.973 531.187 593.253 537.566 613.411 466.897 507.842 478.283 564.376 494.283 610.189 504.223 629.566 430.265 530.459 444.079 577.866 462.192 610.289 475.48 626.87 29.753 23.419 72.594 41.346 87.109 50.414 75.325 35.372 48.085 72.484
3000 2 Left 802.802 520.348 762.018 532.314 731.61 554.81 727.283 601.438 736.956 644.451 756.144 501.822 757.771 537.194 759.541 569.124 758.998 581.448 801.289 500.582 809.633 545.474 799.315 589.463 788.227 602.36 841.123 510.397 849.349 557.292 835.348 598.219 821.534 610.272 869.056 524.638 879.407 565.564 872.054 593.262 864.568 603.327 20.075 22.228 71.031 54.854 90.857 75.041 56.334 55.478 70.044 53.841 Right 444.716 555.546 497.848 563.516 533.287 579.392 546.809 611.346 531.775 641.28 519.332 496.488 520.429 531.274 521.587 578.078 518.131 604.035 469.169 494.515 467.705 531.989 476.908 586.995 479.274 613.444 424.496 507.106 424.186 556.58 439.932 605.482 448.992 626.728 391.52 529.322 395.56 574.35 411.719 607.853 422.773 623.412 30.512 39.605 70.937 41.663 79.41 58.098 64.037 50.733 44.031 67.169
3100 2 Left 819.1 495.984 776.161 518.267 744.52 551.104 741.217 599.459 755.442 638.29 775.484 496.508 779.347 546.334 779.01 576.269 777.088 592.461 819.555 497.807 824.414 553.366 813.987 589.545 804.666 600.631 855.149 506.043 859.495 558.462 846.337 596.25 834.243 608.697 881.594 518.387 884.744 560.988 874.035 592.325 862.508 606.727 26.287 14.511 82.405 42.816 86.561 78.197 63.579 52.093 56.359 42.431 Right 427.962 563.682 476.377 563.027 515.073 566.879 528.816 599.638 518.8 633.199 497.898 491.156 502.605 516.877 505.205 565.352 502.044 591.632 450.633 490.22 447.123 520.538 460.481 578.654 467.122 604.833 406.95 505.285 405.821 548.479 428.691 599.517 443.085 620.535 374.206 529.937 377.677 570.54 397.992 605.086 412.476 619.783 41.32 25.711 69.749 47.427 86.426 64.811 71.476 48.15 56.185 50.016
3200 2 Left 826.497 512.538 782.929 524.43 747.878 548.886 736.547 586.576 745.744 619.954 777.697 484.22 777.311 518.704 773.055 559.553 770.866 587.33 822.863 485.663 823.677 524.762 812.872 572.137 806.209 594.117 860.216 494.429 861.38 535.302 845.951 579.647 832.453 601.023 889.307 509.352 893.597 541.661 881.512 576.254 867.83 596.748 23.749 32.329 81.312 30.949 69.282 47.333 58.92 49.684 43.5 71.383 Right 435.914 551.598 482.884 553.642 518.048 557.902 528.417 591.131 521.851 624.912 502.963 480.19 504.27 505.222 508.173 552.06 505.615 582.605 455.384 477.388 450.559 506.368 462.763 564.512 467.976 596.656 411.142 491.534 408.019 529.068 429.506 584.418 443.805 613.222 377.246 516.364 379.224 556.965 399.946 592.404 416.463 609.793 47.596 9.498 65.631 44.47 86.702 66.626 75.083 46.791 46.634 50.703
3300 2 Left 810.156 537.72 765.363 542.715 732.373 555.271 726.786 591.751 740.056 624.745 750.184 484.19 751.165 527.252 754.909 561.569 758.137 582.529 793.458 480.955 797.578 537.104 793.122 577.902 789.817 592.968 830.426 489.31 832.946 543.854 824.055 582.897 816.301 597.277 860.334 503.051 859.595 547.869 850.304 578.05 840.879 591.712 27.367 20.725 88.824 3.016 68.988 82.25 55.302 62.027 41.71 42.169 Right 452.97 546.982 497.249 554.789 531.523 564.602 544.548 595.952 536.905 624.239 522.344 483.802 525.548 508.645 529.067 554.1 526.507 581.274 477.386 481.113 471.547 505.852 483.682 561.82 490.33 590.217 433.933 494.542 427.686 526.969 449.172 582.18 465.042 608.936 399.418 517.816 398.372 553.451 418.891 588.546 436.567 604.759 38.166 15.506 58.901 55.827 91.587 75.21 71.996 48.211 51.167 43.525
3400 2 Left 804.582 568.793 749.948 557.22 710.054 557.927 686.661 568.217 667.249 579.023 695.178 478.018 677.123 507.09 672.892 548.039 672.776 581.046 733.843 474.59 719.08 517.035 710.714 567.382 707.145 601.912 773.229 485.67 764.534 532.156 750.113 580.355 740.565 611.361 808.582 505.651 801.654 545.274 785.873 579.033 773.442 599.765 27.746 12.022 68.328 4.176 54.995 48.915 41.431 39.372 48.138 23.127 Right 483.186 554.828 530.972 555.514 567.492 565.518 585.633 589.83 603.397 615.05 574.495 477.135 593.357 509.22 596.0 553.866 589.96 582.926 531.089 473.925 547.005 510.761 557.056 566.025 558.55 596.275 487.317 488.009 500.218 534.259 520.252 584.242 530.524 610.72 450.503 513.274 464.643 553.793 485.349 587.959 499.516 606.176 29.787 16.261 42.717 52.104 92.055 53.086 69.093 37.128 38.167 45.147
3500 2 Left 760.458 566.983 712.67 570.563 681.408 577.465 668.597 593.473 659.308 607.623 657.953 502.666 651.836 535.657 657.274 577.164 662.621 609.117 698.346 493.528 700.205 537.36 702.88 588.754 703.953 621.899 741.081 499.987 745.923 542.345 740.64 590.806 735.102 622.968 779.239 516.33 781.747 555.315 772.375 591.671 762.336 615.631 25.213 12.583 78.357 11.78 65.711 51.995 46.264 39.118 43.097 36.639 Right 505.8 553.153 553.711 563.202 587.674 578.846 602.559 606.762 613.126 636.07 597.477 488.176 612.494 518.399 612.211 561.906 605.997 592.21 555.583 481.241 565.891 522.371 570.531 574.029 570.658 601.881 512.341 491.203 517.006 531.567 529.693 582.908 538.466 612.998 474.527 513.055 479.736 550.264 496.921 586.258 512.597 608.705 36.838 10.486 37.781 48.981 77.273 65.592 70.506 38.187 39.474 30.652
3600 2 Left 748.148 560.93 701.097 566.6 668.67 575.602 654.288 598.821 642.396 627.503 652.62 499.806 629.766 524.278 630.409 563.361 633.897 596.891 692.791 492.284 686.818 532.475 682.008 581.027 678.791 613.705 737.886 500.944 736.926 548.678 726.11 599.627 717.479 634.311 776.85 519.883 775.189 556.607 763.059 591.731 752.088 614.861 9.174 3.924 61.889 20.736 60.294 34.924 39.208 25.585 51.998 21.138 Right 503.611 544.268 556.997 554.293 590.834 571.619 608.938 599.768 621.542 625.15 594.069 483.154 615.832 519.946 625.308 561.171 628.59 587.582 552.165 480.752 567.653 526.825 580.128 574.914 587.33 598.853 508.763 493.228 520.677 539.544 538.747 585.168 550.858 611.611 471.409 516.153 479.757 553.402 502.345 587.02 522.251 608.834 34.17 14.291 44.262 30.152 70.731 62.226 69.089 41.505 42.454 37.608
3700 2 Left 751.358 568.0 702.572 576.283 671.102 593.992 660.923 628.634 652.268 665.551 659.275 513.558 638.773 544.753 639.052 587.447 640.97 621.218 699.237 506.26 687.549 553.468 682.699 606.005 680.921 640.436 741.584 514.862 735.938 569.407 726.275 620.538 718.853 654.345 777.782 534.456 774.569 576.655 762.525 612.994 752.085 637.685 11.869 5.913 63.96 22.1 64.624 54.481 46.877 30.799 49.072 28.695 Right 493.021 551.345 544.355 560.656 578.991 581.411 600.449 615.947 619.607 646.692 594.287 498.538 615.086 538.226 621.397 579.658 623.49 607.869 552.637 495.302 568.007 546.342 577.71 594.035 583.534 619.72 508.953 507.008 520.847 559.141 535.731 606.475 545.785 633.695 470.198 529.108 481.617 571.764 501.393 607.445 518.494 630.675 35.126 16.019 48.901 30.609 72.586 55.237 57.323 47.83 30.159 51.38
3800 2 Left 767.11 577.35 708.536 578.19 667.843 584.596 641.991 604.497 624.174 628.258 666.849 511.228 648.854 550.104 645.579 594.643 642.239 630.819 708.081 509.787 694.928 556.881 683.212 610.816 676.696 647.693 750.946 521.236 742.092 571.743 725.675 624.164 715.76 661.606 788.089 541.742 784.224 573.209 770.195 604.759 757.413 628.135 15.913 3.167 68.536 11.875 61.652 39.545 41.012 35.211 53.874 38.345 Right 484.919 544.511 542.662 547.772 583.985 566.688 606.069 607.832 617.295 647.25 592.706 497.967 608.61 537.861 616.694 584.295 624.294 616.451 549.992 497.304 565.733 551.108 576.774 600.304 584.786 625.965 505.827 509.231 520.783 563.36 536.192 610.111 545.31 637.502 467.124 529.359 480.104 569.464 500.424 605.279 516.857 630.305 46.378 5.913 70.139 17.519 80.7 45.613 69.624 45.17 47.317 45.203
3900 2 Left 789.643 553.065 732.59 557.195 694.186 571.048 673.108 604.89 662.72 644.892 699.369 499.683 678.956 543.474 668.377 582.845 661.476 609.629 739.959 500.201 715.435 546.98 703.039 592.532 697.5 620.506 780.576 512.532 761.36 559.186 743.379 604.662 732.603 634.488 815.073 531.927 798.867 571.859 780.263 604.52 765.486 625.978 11.043 12.334 48.356 31.352 65.44 60.705 38.81 30.124 50.165 26.915 Right 468.281 540.559 530.555 547.761 570.157 568.681 587.764 605.078 596.511 638.692 571.041 495.204 581.741 541.922 589.39 580.224 592.509 601.682 528.45 492.848 541.221 545.056 551.823 592.97 556.535 616.153 484.012 504.782 496.994 556.439 513.996 603.468 521.0 628.442 443.974 524.852 459.308 569.036 478.135 606.908 489.075 632.187 30.861 10.758 76.312 31.637 93.645 46.971 75.67 39.647 45.572 75.099
4000 2 Left 837.677 554.894 768.29 557.367 721.47 562.365 689.072 582.628 670.098 610.255 726.936 479.304 694.985 510.41 677.579 551.207 666.984 582.809 765.384 483.608 729.763 518.27 709.132 565.573 700.039 596.963 804.851 502.082 772.795 536.879 746.144 584.092 732.293 617.869 839.748 528.99 810.842 565.444 781.579 600.955 760.94 626.188 23.496 13.734 64.177 32.135 68.421 44.041 48.646 28.031 39.576 35.471 Right 435.314 537.275 503.82 535.574 549.177 550.526 573.444 585.13 590.016 617.676 541.418 480.839 562.27 518.45 573.469 563.7 577.271 592.889 500.79 484.203 521.191 535.194 537.371 586.371 543.534 612.084 459.145 500.944 479.577 551.56 501.666 599.091 510.408 624.762 421.479 526.247 443.481 567.806 465.884 605.973 477.404 631.183 41.449 13.41 81.238 24.918 84.942 51.181 73.926 43.363 50.171 64.906
4100 2 Left 830.823 556.148 791.222 527.077 757.269 507.172 732.861 498.968 714.299 491.434 750.43 489.073 710.684 480.445 693.821 492.817 692.206 504.56 762.681 504.606 732.306 495.56 711.974 508.289 707.669 522.074 781.635 524.269 755.722 522.222 735.704 533.932 729.196 544.363 802.537 545.869 779.156 555.766 757.774 566.274 744.946 573.16 30.8 5.855 44.097 51.149 68.937 58.852 70.556 35.634 29.114 43.615 Right 410.039 549.174 468.249 530.161 512.23 526.847 542.002 537.538 555.924 549.277 492.203 476.188 531.999 488.475 543.441 518.501 541.629 535.194 466.886 490.839 517.255 526.192 523.163 545.011 514.394 544.307 441.154 516.805 488.461 551.176 496.801 566.933 490.157 565.46 418.224 544.903 452.101 575.451 466.563 586.573 468.775 583.947 17.382 7.144 66.985 54.778 82.057 60.939 86.163 43.102 55.264 72.072
4200 2 Left 846.413 515.409 815.621 481.821 784.46 460.153 758.207 456.357 734.59 450.757 765.913 453.396 719.492 446.286 704.53 452.833 715.643 461.684 769.698 472.346 724.125 469.021 709.969 474.458 721.715 481.135 781.945 495.551 737.801 497.077 723.044 502.448 733.773 504.436 798.8 519.599 759.208 529.158 743.271 531.88 746.805 530.381 28.929 9.987 43.771 100.504 63.042 87.31 60.24 74.101 32.455 99.018 Right 450.253 549.58 485.958 523.622 508.538 502.275 519.866 489.938 522.426 480.913 512.566 484.1 540.047 481.665 522.329 478.165 505.508 473.32 494.993 500.911 529.164 510.469 506.897 498.853 487.531 487.759 476.08 522.782 506.346 539.01 486.663 524.855 469.216 512.003 456.936 546.399 477.142 564.588 463.401 550.53 446.904 536.233 40.67 6.702 142.314 37.323 158.063 5.018 159.141 16.189 138.149 33.323
4300 0
4400 2 Left 982.839 425.936 961.049 355.144 907.443 315.514 857.693 307.721 818.372 318.6 880.71 298.35 799.983 283.561 761.659 298.33 744.538 317.154 879.236 329.832 795.35 317.047 752.625 324.766 731.49 335.892 878.362 368.649 799.204 354.612 756.953 354.871 734.741 357.587 877.984 412.277 816.478 398.881 781.014 391.495 757.229 386.434 37.554 26.591 52.881 36.326 39.679 26.356 23.523 10.973 32.591 22.912 Right 280.177 423.696 304.558 365.066 356.125 334.036 403.8 327.794 442.16 330.14 364.576 311.27 444.745 290.083 482.918 301.64 487.929 317.743 372.587 344.224 460.321 320.321 496.524 331.643 497.248 345.285 377.918 383.233 463.448 362.754 493.83 370.911 493.788 379.057 381.998 424.304 448.05 410.203 474.323 411.83 478.903 413.477 51.232 27.222 54.992 40.266 70.7 38.519 83.9 29.044 21.972 46.739
4500 2 Left 986.482 396.069 959.421 326.946 912.778 291.016 869.317 284.443 834.683 294.553 891.593 264.272 816.15 239.274 781.39 250.28 772.107 267.033 875.831 295.931 793.827 271.759 764.826 280.411 763.359 292.425 863.682 335.063 786.505 312.273 760.049 315.04 758.267 319.85 857.922 376.209 798.961 354.216 773.875 347.911 766.806 344.954 40.766 29.234 54.006 20.241 62.307 24.192 42.141 35.414 29.772 30.844 Right 267.214 400.105 288.495 335.896 334.698 299.22 376.464 288.668 411.19 288.558 349.988 273.849 429.933 249.354 463.591 256.415 469.96 271.18 364.862 303.783 449.995 274.582 480.756 283.282 482.94 296.809 375.109 341.527 457.667 313.556 482.904 321.645 480.507 331.33 381.389 382.134 445.429 364.795 468.108 364.274 469.762 363.862 74.485 19.615 42.994 37.161 50.18 39.282 59.893 35.576 24.749 49.647
4600 2 Left 993.136 359.152 977.036 287.234 933.471 243.955 891.445 228.999 857.382 232.272 908.551 215.463 834.867 181.68 802.016 190.838 792.242 208.175 888.625 243.786 807.871 209.678 785.316 220.876 787.779 235.358 870.905 279.408 797.004 246.135 779.267 252.555 783.584 261.26 859.578 317.726 802.746 289.044 785.662 285.086 785.539 287.112 37.153 36.3 48.984 21.662 70.493 18.841 58.555 27.515 39.904 31.095 Right 257.008 356.439 275.827 286.713 321.533 244.778 364.969 230.48 403.137 230.591 335.935 218.301 412.853 189.096 443.431 195.104 446.602 210.475 353.268 246.812 436.86 213.39 464.232 223.249 461.737 239.707 366.903 284.081 448.982 253.411 471.025 261.513 464.807 272.024 376.593 324.65 442.259 303.385 460.0 305.3 454.657 307.916 40.478 11.034 43.296 44.247 53.495 50.424 60.424 41.871 30.377 59.672
4700 2 Left 995.032 346.457 977.081 270.634 936.308 227.701 898.006 215.773 865.353 222.917 914.167 197.087 846.496 164.652 814.598 173.27 803.306 189.149 893.369 224.696 816.972 192.987 790.679 201.789 787.494 214.006 875.99 260.643 802.883 229.749 784.748 236.442 787.645 245.186 865.226 300.288 807.138 272.353 789.698 268.553 789.199 269.194 32.543 47.258 50.867 21.448 65.375 17.061 53.05 30.698 36.494 31.961 Right 255.436 339.453 275.035 273.728 319.824 232.737 361.757 221.098 398.604 219.616 334.122 203.267 410.247 172.454 442.192 182.818 448.188 197.941 352.703 229.398 437.139 196.502 463.325 212.418 460.332 230.504 366.869 264.362 450.813 237.561 468.807 252.767 459.476 266.353 376.41 302.648 442.691 283.683 454.419 290.201 443.875 296.156 34.268 24.286 46.494 35.592 60.773 40.01 44.216 46.094 30.08 60.607
4800 2 Left 997.214 334.537 980.861 261.414 939.527 217.427 899.813 205.312 866.31 212.32 917.87 186.573 847.799 154.313 817.432 165.049 809.857 181.092 897.486 213.52 820.202 178.062 794.189 189.397 793.052 203.996 879.858 248.664 806.438 214.263 789.215 225.048 794.611 236.989 867.761 287.731 808.943 256.708 794.453 257.836 797.977 263.847 33.25 48.033 50.383 21.112 62.708 21.155 57.794 29.456 38.837 33.841 Right 257.887 324.532 277.391 260.141 322.622 219.852 363.952 210.824 400.6 214.441 338.418 193.486 415.573 162.215 445.614 175.134 448.114 190.702 357.406 218.297 442.767 186.031 466.488 204.385 460.215 222.555 370.886 252.837 453.774 223.769 471.858 240.052 461.765 253.67 378.674 291.291 444.545 274.11 457.954 280.824 447.321 286.133 37.387 34.137 43.056 38.923 62.976 38.527 42.205 47.546 29.515 57.542
4900 2 Left 998.882 338.053 982.731 265.959 939.347 221.937 898.74 208.716 864.299 215.145 916.221 189.415 844.686 157.226 813.951 170.927 808.243 191.459 895.382 217.068 817.2 186.114 794.779 202.225 797.305 218.19 878.444 252.846 804.603 220.89 791.165 234.586 799.311 247.896 867.887 292.307 808.835 263.397 797.453 263.927 803.374 268.727 31.41 39.35 47.729 29.34 66.586 26.856 55.005 26.247 40.089 36.77 Right 258.382 329.437 281.019 261.775 326.766 223.42 366.782 214.322 402.231 216.488 342.249 196.429 420.871 166.752 449.526 179.249 450.303 197.766 359.385 223.192 445.133 193.131 468.833 209.442 463.495 226.967 371.965 258.827 455.504 230.505 472.419 247.349 461.913 262.445 379.657 297.745 447.776 276.973 460.889 284.471 451.117 291.697 36.324 50.338 40.992 36.671 60.264 33.114 49.459 38.051 35.379 52.429
5000 2 Left 1000.917 363.844 984.869 288.86 941.071 243.401 899.811 231.125 866.132 238.399 918.689 214.349 848.021 182.472 816.088 190.721 806.634 205.665 897.461 242.441 820.042 211.889 797.684 220.728 799.084 231.91 880.068 278.33 807.648 247.138 791.786 254.248 797.716 263.099 869.269 317.424 811.831 290.209 795.82 285.95 797.849 286.554 35.41 34.027 49.851 24.589 63.412 23.263 57.947 21.304 34.581 38.853 Right 259.703 355.38 284.937 288.378 331.608 248.995 372.939 241.829 409.24 244.828 348.344 222.085 428.4 196.19 458.094 209.495 462.386 226.64 364.259 250.656 452.03 221.702 475.187 240.529 469.289 258.668 375.684 286.712 460.822 260.58 478.152 275.761 467.795 288.499 381.53 324.932 448.249 307.133 459.918 313.678 448.222 319.832 38.756 35.64 45.422 34.215 55.121 40.394 48.745 39.18 36.199 56.239
5100 2 Left 998.846 381.212 982.128 305.508 937.732 260.616 896.308 249.077 862.294 256.998 914.963 231.775 841.805 201.549 810.682 211.533 803.336 227.788 893.631 261.678 813.729 232.765 794.726 241.267 799.814 250.602 876.053 298.071 801.643 266.357 790.446 271.836 800.182 278.103 865.682 336.507 805.55 306.668 796.613 302.938 805.481 304.067 37.607 32.651 49.714 26.436 65.21 24.776 58.66 22.586 41.099 45.073 Right 260.248 376.595 286.551 308.256 332.821 269.909 374.221 263.21 409.784 267.287 349.302 242.529 429.944 218.098 459.952 229.1 465.827 244.539 365.95 273.028 454.164 244.579 477.65 261.367 473.289 278.451 378.236 309.886 462.558 284.709 477.431 299.302 466.618 311.102 384.773 348.09 451.802 329.636 463.719 335.078 454.687 339.623 44.89 30.086 45.978 29.264 56.656 33.13 50.503 35.032 34.35 53.364
5200 2 Left 999.822 424.045 981.515 350.392 935.058 305.236 890.271 290.294 854.191 292.358 914.999 279.87 838.248 253.526 811.669 263.805 808.704 277.38 895.801 312.454 814.621 287.964 797.631 293.083 801.929 296.716 880.06 350.809 805.981 323.499 793.167 322.292 799.332 321.084 871.325 390.301 813.296 363.59 798.619 353.643 799.345 345.721 35.369 21.272 57.376 25.844 66.91 22.405 57.234 24.443 36.036 34.97 Right 260.68 426.575 289.67 358.819 338.113 321.17 379.75 314.747 415.169 319.838 355.107 299.032 438.743 276.786 468.276 285.612 471.317 298.363 371.172 331.252 460.594 306.459 482.319 318.446 477.744 330.831 382.44 369.49 468.579 345.322 486.259 352.815 479.755 359.735 387.084 409.74 454.648 388.778 464.949 388.991 455.026 390.402 61.895 7.951 42.121 36.577 58.285 34.891 56.98 35.968 35.901 54.75
5300 2 Left 996.766 458.757 980.488 381.937 933.128 335.224 887.234 321.906 852.774 329.214 910.777 313.414 839.333 288.328 816.288 293.113 810.844 300.2 889.505 346.78 813.911 319.798 799.547 320.06 802.516 321.928 873.195 384.633 802.012 353.497 792.848 348.659 799.801 346.365 864.268 421.816 809.003 392.693 800.566 380.989 805.286 374.16 37.729 25.505 53.28 25.774 64.262 16.788 58.308 15.844 38.586 31.602 Right 260.964 463.019 289.964 393.466 341.067 357.783 383.95 352.953 419.477 357.619 356.457 335.823 438.565 315.34 469.555 324.306 477.91 337.573 371.191 369.348 461.679 344.994 485.94 356.119 484.283 370.198 381.818 408.375 468.461 386.485 486.095 391.26 480.145 396.928 386.665 448.601 455.809 429.489 469.601 426.692 463.141 426.055 61.021 15.523 48.716 29.219 62.978 29.823 58.197 29.946 32.857 47.735
5400 2 Left 995.712 492.282 980.587 415.034 934.151 368.397 887.511 349.459 851.321 351.654 909.918 348.337 837.195 324.974 812.994 327.95 806.38 334.833 890.067 383.299 813.322 357.553 796.882 355.656 798.027 357.596 874.864 422.278 804.405 393.55 794.111 387.312 799.501 385.47 867.366 460.381 812.359 431.7 802.582 419.859 804.862 413.39 36.034 20.041 53.243 24.439 62.224 16.671 56.879 15.723 41.655 25.34 Right 258.607 503.021 287.012 434.083 339.209 399.214 383.617 395.588 421.001 401.78 355.277 380.358 440.578 361.522 470.572 366.686 475.64 374.773 371.088 415.596 463.722 394.22 486.879 398.58 484.471 405.706 382.617 455.256 469.825 436.233 488.396 433.162 484.662 431.708 387.05 494.599 452.031 477.169 468.622 470.087 467.778 464.98 63.199 19.481 45.187 28.946 57.385 32.227 51.137 31.976 30.563 45.721
5500 2 Left 988.909 567.399 975.699 490.223 918.632 435.564 857.976 420.223 819.306 432.926 907.833 432.196 821.697 414.991 825.113 425.656 845.637 433.053 890.127 473.86 797.727 449.042 801.971 449.649 823.949 454.019 874.532 514.763 790.332 483.849 797.365 478.245 819.102 479.244 863.742 550.22 803.015 517.25 802.354 504.982 812.448 500.418 33.68 24.22 66.088 37.898 74.786 18.328 70.894 19.354 56.963 27.614 Right 261.722 593.469 283.028 526.905 338.846 488.192 390.034 479.339 431.182 486.038 359.613 473.62 454.856 462.646 477.858 469.139 474.251 475.859 374.56 514.445 473.496 501.332 491.671 503.772 487.302 506.674 384.619 556.316 475.555 544.347 490.053 539.872 483.219 536.778 387.872 594.657 457.0 584.852 470.795 577.605 467.228 570.997 57.86 26.802 46.937 30.037 60.322 31.805 43.524 37.222 47.708 43.504
5600 2 Left 984.279 622.155 973.315 545.544 920.926 491.521 865.682 474.203 825.695 483.346 908.77 488.327 818.181 471.622 820.362 473.282 839.406 476.212 890.512 532.107 797.962 507.338 796.939 498.36 813.884 497.694 874.104 572.602 789.672 542.502 792.916 529.464 812.063 526.547 861.654 606.015 801.835 572.655 803.011 557.764 816.535 553.702 43.714 13.679 57.233 31.509 65.804 12.354 53.383 18.932 48.123 33.905 Right 264.062 654.583 287.717 586.746 340.158 543.469 391.832 522.507 434.069 520.821 360.083 542.806 449.856 527.245 472.343 527.43 470.336 531.785 373.512 581.859 474.212 566.034 490.849 563.652 481.754 565.191 383.227 620.627 478.1 608.356 493.325 601.189 485.424 596.656 386.002 656.169 457.645 643.632 476.281 634.755 475.712 626.491 51.388 22.74 33.047 35.355 58.339 25.788 42.6 34.807 34.436 43.115
5700 2 Left 960.414 716.835 963.82 644.966 930.169 584.258 889.579 546.459 854.081 552.251 894.688 604.953 809.054 579.923 798.639 571.68 806.689 571.65 876.174 644.371 788.148 614.105 778.84 595.995 787.672 587.335 859.536 676.26 782.839 645.415 772.378 623.425 776.965 609.623 846.989 701.033 790.123 670.257 779.05 649.124 779.542 633.059 27.198 31.929 55.213 42.996 61.636 19.505 63.067 10.126 39.138 29.763 Right 268.496 743.785 292.028 679.132 342.367 628.701 388.175 601.256 428.99 601.029 372.579 655.551 464.111 650.15 485.289 639.35 480.423 635.39 386.178 697.242 486.163 686.372 503.084 670.65 492.967 662.623 395.874 732.083 481.406 718.174 495.126 701.74 485.556 693.142 398.639 758.867 462.581 742.78 477.426 728.828 474.698 720.329 32.258 17.292 62.057 33.849 58.384 30.343 49.277 34.948 50.217 42.147
5800 2 Left 961.346 767.109 959.958 692.287 925.664 633.383 885.29 598.826 850.0 598.719 887.556 663.369 809.501 641.565 793.83 623.669 800.481 617.464 868.5 702.324 784.768 674.163 773.547 647.959 787.502 637.92 854.734 733.159 779.376 704.065 769.629 675.778 781.773 661.539 846.77 755.913 788.597 727.449 777.25 703.327 783.25 687.058 27.592 25.922 53.253 43.742 59.376 20.373 63.936 21.143 31.973 43.147 Right 279.23 790.429 304.044 725.844 351.057 675.797 394.751 645.016 436.256 644.657 376.901 709.485 467.348 699.001 488.473 680.422 481.576 672.885 389.479 750.466 489.082 732.745 504.895 709.298 490.985 697.264 398.42 782.679 488.937 766.169 501.552 741.514 490.871 727.279 399.595 805.423 471.838 789.853 486.232 769.135 479.213 756.023 31.213 27.44 61.443 24.158 59.739 33.744 67.406 19.049 49.557 36.0
5900 2 Left 963.654 825.986 961.416 749.98 925.259 690.754 881.623 657.366 844.014 656.756 894.283 736.759 816.764 721.054 796.825 698.535 802.133 688.174 874.635 775.572 785.409 747.507 769.577 716.7 784.037 703.707 859.664 803.24 780.796 775.961 768.65 743.505 781.313 726.632 850.752 822.227 789.226 793.875 778.528 767.507 786.308 748.971 30.089 22.423 52.622 54.368 58.425 24.338 67.571 27.906 41.203 42.577 Right 278.833 847.026 305.501 781.909 351.504 733.019 396.095 704.025 438.718 702.004 373.529 775.277 463.349 772.586 489.894 752.117 487.046 738.535 383.578 816.517 487.704 806.501 508.615 780.038 500.673 761.781 392.486 847.368 487.873 835.931 506.807 808.361 500.966 789.28 395.088 868.786 471.443 855.745 491.055 831.502 488.732 811.469 42.81 21.074 61.937 26.452 66.908 29.123 55.801 29.302 42.203 39.888
6000 2 Left 966.09 836.597 962.296 764.22 929.858 707.811 885.722 676.541 847.112 674.629 900.595 753.842 822.862 740.592 799.172 717.021 799.63 703.057 879.849 791.356 793.305 764.024 773.986 733.499 782.625 717.116 863.591 817.115 786.417 791.255 769.749 759.696 776.503 739.686 852.459 833.795 793.192 808.718 777.487 783.051 780.398 763.717 33.363 24.891 56.975 41.285 56.841 23.865 57.54 20.798 33.529 34.343 Right 284.164 859.309 310.802 796.647 355.976 753.386 400.193 728.112 440.39 724.042 373.439 794.892 466.115 796.915 491.853 776.423 487.931 761.135 383.515 836.664 489.935 827.742 509.425 800.587 498.935 781.674 392.933 867.125 489.524 858.4 507.54 830.106 501.395 809.149 395.182 885.932 470.251 874.91 490.957 853.15 489.837 835.013 37.765 26.145 53.144 36.111 58.163 34.699 63.699 32.241 54.157 25.974
6100 2 Left 964.126 835.537 962.742 766.843 930.309 710.244 887.654 677.166 849.015 673.643 908.413 751.976 828.968 741.885 805.062 719.342 806.707 706.76 886.111 791.227 797.435 767.071 776.711 736.102 787.783 721.901 868.043 819.006 789.648 794.35 774.967 762.459 784.5 743.61 855.387 836.986 797.769 809.721 784.308 783.485 788.476 764.683 25.844 26.293 58.64 40.876 48.422 30.553 58.212 22.845 30.122 40.027 Right 286.091 858.508 309.079 798.364 353.613 753.67 398.252 727.256 439.38 726.129 372.978 798.351 463.685 799.772 491.678 779.968 487.464 766.806 384.49 839.394 488.413 830.956 509.302 803.586 499.206 784.659 394.536 869.877 487.426 860.761 505.44 832.509 498.844 812.246 396.737 889.093 467.605 878.058 488.433 854.101 487.668 834.301 18.48 14.271 50.004 39.499 73.336 32.741 59.333 30.782 53.787 28.046
6200 2 Left 964.528 828.204 964.075 758.754 930.762 702.991 888.085 671.657 848.584 668.491 910.729 745.618 828.448 735.713 805.262 710.012 809.023 696.366 889.164 785.577 799.58 761.537 779.518 728.836 791.997 715.668 871.697 813.997 791.663 790.284 776.167 756.947 786.847 738.719 859.579 832.595 799.552 806.078 784.712 778.585 789.432 759.923 27.867 23.93 64.755 41.335 53.295 31.072 56.448 30.194 27.977 47.496 Right 284.638 852.089 307.453 792.524 352.358 747.545 396.528 720.855 437.619 719.223 371.318 789.2 464.229 793.554 490.652 773.709 486.658 759.706 381.832 831.415 487.169 825.63 508.052 798.69 498.571 779.569 391.15 862.579 486.703 856.025 504.44 828.114 498.058 807.621 393.112 882.063 467.035 872.71 487.815 850.148 486.699 830.92 28.147 17.383 62.538 35.546 100.876 32.758 97.535 30.159 52.859 37.027
6300 2 Left 963.367 820.008 964.621 750.698 931.443 694.703 888.624 663.7 849.284 662.009 907.924 736.938 828.503 725.805 803.927 701.009 807.279 688.906 886.055 776.078 798.624 749.782 779.065 718.336 793.044 707.675 868.66 804.17 790.263 779.095 775.274 746.994 787.456 731.413 856.957 822.882 797.097 795.488 783.069 768.89 789.513 751.909 31.594 20.566 62.099 43.303 48.717 35.042 55.66 32.392 25.052 53.085 Right 282.652 844.577 306.446 785.361 351.991 739.36 396.339 712.364 437.804 711.319 368.335 779.226 462.558 779.898 486.961 760.588 480.875 747.307 377.355 820.637 483.749 813.622 506.076 788.291 497.106 769.699 385.851 852.546 483.846 845.933 503.079 819.022 497.067 798.317 388.137 874.039 465.918 863.975 486.76 842.319 484.897 823.617 26.315 15.998 52.099 35.852 82.031 30.018 60.321 27.685 49.788 36.179
6400 2 Left 965.131 810.19 965.155 741.478 931.635 684.821 888.372 653.304 849.416 651.774 909.258 724.697 829.619 712.966 804.534 689.017 806.423 677.337 888.748 764.296 800.477 739.063 779.454 708.178 791.189 696.503 872.321 793.413 792.62 770.32 774.243 738.735 782.857 721.671 861.298 813.595 799.967 787.804 783.568 761.822 787.276 744.145 30.603 20.49 65.463 39.129 48.531 34.208 57.402 27.2 29.481 42.951 Right 282.554 834.863 305.549 774.587 351.573 729.02 397.089 703.595 438.687 700.363 369.137 766.563 459.556 766.834 485.851 749.137 484.361 735.361 379.193 807.926 482.042 799.296 504.305 775.678 496.086 758.96 387.932 840.474 483.734 832.11 502.672 806.773 496.293 788.127 390.694 863.333 466.734 852.888 487.265 832.491 485.393 815.046 36.544 23.906 69.831 28.843 91.312 30.207 94.584 28.59 48.952 42.834
6500 2 Left 964.076 809.678 963.59 738.543 929.894 683.309 886.506 652.09 847.587 648.999 909.259 720.855 826.6 708.392 803.141 686.13 807.688 676.495 888.16 762.05 799.206 737.175 779.316 706.624 791.423 694.938 871.338 792.417 791.827 768.709 775.765 736.804 786.509 720.137 859.978 812.73 799.984 786.914 784.624 760.966 788.913 743.789 27.183 21.671 65.962 41.295 52.0 31.779 60.042 30.863 27.361 49.676 Right 281.447 836.336 305.251 774.704 350.538 728.172 395.209 700.622 436.944 699.438 370.028 764.517 458.161 767.599 485.863 751.19 486.478 738.44 380.359 806.574 482.985 798.724 503.975 775.138 496.352 758.363 390.069 839.418 485.309 830.327 501.977 803.918 494.822 785.511 393.311 862.168 469.058 850.219 489.753 827.508 487.813 809.407 23.261 15.856 55.483 32.445 92.68 31.439 75.228 31.09 42.798 38.889
6600 2 Left 967.044 822.146 962.124 752.299 927.061 696.349 881.148 667.966 841.655 666.25 906.892 739.507 829.927 724.585 801.916 704.435 795.61 690.165 887.827 779.485 801.146 754.773 778.032 726.061 785.501 710.874 873.756 809.094 793.18 786.035 773.719 755.38 782.211 735.542 865.121 829.629 801.799 806.865 783.958 781.879 787.685 762.759 27.625 24.239 63.014 24.553 52.315 28.502 46.719 32.065 29.04 41.323 Right 282.786 842.899 306.653 783.109 351.477 740.218 396.299 714.253 439.059 713.417 371.194 779.831 461.112 781.408 487.151 763.113 484.055 749.433 381.733 822.048 484.473 812.155 504.58 788.024 495.542 770.991 391.218 854.105 484.664 843.536 501.954 817.994 495.988 799.592 394.066 875.515 468.392 862.519 487.177 842.556 485.042 826.57 29.416 22.547 59.462 31.033 69.668 27.616 71.054 31.874 50.49 30.559
6700 2 Left 976.399 837.702 965.837 769.965 923.99 715.154 877.748 689.426 836.507 687.834 913.326 762.276 838.218 750.973 801.671 731.87 784.718 716.944 897.441 804.805 809.083 784.801 777.848 757.093 778.329 740.561 883.791 835.878 799.215 815.909 771.105 786.114 773.518 766.161 872.977 856.408 802.471 835.072 781.185 809.968 783.181 790.921 25.386 24.177 59.828 30.597 53.258 24.033 49.515 29.813 32.994 46.911 Right 277.547 860.045 304.344 800.737 354.419 757.991 403.807 734.704 447.439 736.469 368.799 799.284 459.868 804.9 488.931 788.086 489.457 774.531 377.934 842.022 482.958 840.49 504.111 816.133 493.886 797.484 386.47 873.843 480.309 869.94 497.182 844.674 490.747 825.522 388.224 894.217 463.751 887.989 481.681 868.008 477.864 850.532 24.597 22.209 48.462 33.965 58.591 32.147 70.421 28.271 56.712 28.521
6800 2 Left 998.035 856.543 961.876 810.807 900.149 789.993 848.862 788.79 818.811 813.931 911.129 823.605 857.214 846.062 819.677 861.719 786.286 872.913 919.44 858.16 856.319 875.54 811.481 884.513 775.872 890.664 926.54 886.662 871.172 899.92 845.851 901.777 831.056 898.694 932.384 910.062 887.531 919.281 872.013 922.67 864.153 922.532 30.735 36.099 68.654 21.563 16.287 43.971 44.324 32.511 37.765 93.185 Right 260.706 897.685 302.989 854.138 367.204 828.835 422.636 821.662 465.142 831.52 368.997 864.935 449.744 886.278 485.185 888.62 502.075 885.378 362.189 905.357 454.03 935.174 487.158 930.569 498.196 921.112 358.336 939.517 444.505 967.655 476.444 958.199 486.051 948.334 354.835 964.477 423.962 978.409 453.744 972.082 467.55 963.543 36.909 20.525 30.087 40.111 57.651 24.061 41.125 44.416 44.469 29.642
6900 0
7000 0
7100 0
7200 0
7300 0
7400 0
7500 0
7600 0
7700 0
7800 0
7900 0
8000 0
8100 0
