5267
53
0 0
100 0
200 0
300 0
400 0
500 0
600 1 Right 260.859 947.434 292.451 888.735 350.106 858.695 406.169 848.731 437.203 842.086 364.792 897.633 451.121 871.698 453.083 851.504 440.094 844.57 369.6 936.717 452.889 901.626 453.634 880.583 440.539 874.403 374.208 968.953 445.991 933.004 442.076 911.097 427.465 904.68 376.682 994.883 434.31 967.144 433.922 950.562 422.354 944.364 30.306 18.206 63.044 41.431 66.213 24.043 52.265 5.043 46.228 43.584
700 1 Right 262.479 809.687 292.571 738.604 350.648 709.396 403.261 709.192 436.207 718.28 379.108 699.411 433.014 682.939 467.612 677.717 493.48 674.347 392.37 740.031 453.849 728.085 438.535 730.723 412.197 734.716 396.552 782.133 439.552 768.642 424.039 770.638 402.286 774.351 397.181 818.822 426.698 803.395 412.26 805.982 394.121 811.502 23.483 8.843 41.244 10.899 46.813 30.694 47.803 14.832 31.53 23.11
800 1 Right 270.768 764.899 303.414 698.144 360.05 670.65 402.947 676.253 429.799 695.157 393.533 655.079 450.336 644.496 475.897 645.525 492.663 646.849 405.946 693.672 459.27 691.188 444.028 697.838 421.397 701.784 409.359 735.892 445.126 731.882 429.078 736.437 408.741 740.498 406.537 773.952 430.905 766.483 417.162 768.651 400.056 772.421 20.053 43.01 30.912 8.629 48.322 21.631 20.175 23.306 37.176 35.616
900 1 Right 286.8 727.065 319.36 661.255 372.452 635.447 413.813 636.955 440.846 653.126 412.95 616.742 474.382 613.644 482.444 624.027 478.491 631.162 426.417 655.666 469.788 658.533 453.39 665.932 431.25 670.344 429.911 697.181 453.318 695.268 437.589 700.519 416.805 704.63 427.674 733.684 442.211 729.53 427.79 731.877 410.193 734.958 17.894 60.289 16.372 17.749 21.458 15.617 12.563 23.727 18.793 41.894
1000 1 Right 292.51 719.983 323.907 654.018 375.471 627.854 415.303 625.44 441.146 639.223 425.998 611.741 480.672 614.228 474.714 626.103 459.825 631.675 438.432 650.103 475.453 657.476 458.898 664.723 437.493 667.563 440.143 690.572 458.967 691.895 443.479 696.437 422.624 698.66 435.611 725.294 446.277 722.522 430.709 725.194 412.553 726.208 33.272 85.415 13.611 31.706 13.303 7.424 26.242 15.577 2.665 46.551
1100 1 Right 299.906 717.849 332.504 652.232 383.665 627.38 423.913 625.83 449.277 639.855 433.924 612.718 483.239 617.407 473.809 628.05 457.523 633.197 445.203 650.177 479.474 657.201 463.426 662.918 442.578 664.909 446.453 689.976 465.332 689.828 449.985 694.672 429.487 697.313 441.708 724.655 452.126 719.6 436.925 722.215 419.192 723.582 33.087 95.988 17.928 38.933 23.758 13.14 35.606 24.172 6.364 48.933
1200 1 Right 314.165 719.546 351.472 656.45 399.539 636.321 434.979 645.425 454.692 666.921 447.164 621.227 486.563 639.591 473.282 652.497 456.18 654.834 458.774 656.828 485.494 671.58 468.735 679.55 448.281 680.714 460.276 695.032 475.0 700.408 458.362 705.872 439.362 705.989 454.808 729.184 464.786 727.81 449.766 731.204 433.809 731.79 17.681 37.572 39.049 52.903 55.572 31.039 32.13 34.568 42.142 58.828
1300 1 Right 325.316 722.272 357.34 660.58 402.468 638.518 438.116 646.013 456.494 665.69 449.583 622.715 485.551 639.053 471.836 652.247 453.337 654.312 462.536 658.422 486.645 669.607 470.94 677.494 450.403 678.93 466.282 696.265 478.823 698.36 463.167 704.498 444.355 706.433 463.106 731.032 470.917 726.62 455.544 729.801 439.466 731.296 18.759 28.272 28.471 51.742 44.261 24.631 18.134 28.866 30.855 58.831
1400 1 Right 324.465 723.662 358.348 664.636 405.098 643.502 439.796 650.879 458.158 670.094 448.235 628.289 484.107 645.895 471.685 658.61 454.954 659.726 460.297 663.411 482.937 675.872 468.815 684.147 450.608 685.613 462.908 701.046 474.221 704.539 459.385 709.853 441.384 710.645 458.712 735.718 463.881 732.73 449.228 735.553 433.854 736.264 15.292 38.854 32.171 54.666 41.767 32.101 23.042 33.4 35.913 56.995
1500 1 Right 324.511 723.467 355.764 665.4 401.426 643.673 435.836 650.827 454.426 669.655 445.638 628.32 481.388 643.938 469.599 657.374 453.494 659.896 458.674 662.943 481.513 674.233 467.037 683.487 449.176 685.678 462.388 699.939 473.248 702.665 458.36 708.964 440.888 710.356 458.873 733.848 463.681 730.134 448.678 733.65 433.544 734.848 19.019 40.627 33.492 45.502 48.332 23.407 22.125 26.636 36.067 58.88
1600 1 Right 322.95 722.871 355.536 666.341 402.422 646.239 436.507 654.461 454.657 673.956 444.298 630.145 481.802 645.991 470.316 658.928 454.435 660.702 456.527 665.348 480.652 677.114 466.687 686.088 449.395 687.883 459.62 702.98 470.918 706.09 456.121 712.109 438.956 713.209 455.964 737.727 460.751 734.544 446.167 737.697 431.5 738.663 15.695 40.872 32.189 51.114 41.78 26.026 20.746 22.879 34.702 54.422
1700 1 Right 319.229 722.677 347.331 665.89 393.531 643.877 427.466 650.134 446.663 668.278 441.999 628.157 480.211 640.492 468.824 654.593 453.422 657.464 455.785 663.094 479.295 673.53 464.184 683.713 446.82 685.802 459.413 700.166 468.097 703.946 452.485 710.4 435.171 710.979 455.535 733.979 457.449 733.135 442.191 736.939 427.076 737.417 13.808 38.776 38.682 34.59 44.706 17.407 17.955 20.328 28.045 48.797
1800 1 Right 323.028 698.453 342.172 638.435 388.348 610.84 424.193 615.309 448.126 630.428 418.685 591.399 470.874 578.341 488.096 583.949 491.935 589.124 436.87 622.478 493.473 617.474 482.487 630.191 462.06 635.607 446.885 658.354 495.099 655.846 481.316 665.742 461.334 669.983 449.805 691.357 484.122 687.858 473.266 695.014 456.826 698.369 27.492 53.696 38.106 21.578 65.689 26.414 36.294 29.142 49.971 29.182
1900 1 Right 321.401 684.684 332.422 620.821 375.232 581.614 414.65 575.452 444.605 581.197 394.539 564.44 451.227 541.569 479.827 535.089 497.77 532.481 416.055 592.277 484.201 569.029 480.163 580.695 464.194 591.78 432.418 627.45 494.324 604.636 485.107 613.422 467.926 622.539 441.393 662.269 489.765 642.497 481.248 645.642 463.813 651.903 35.926 14.29 43.214 12.232 82.185 21.45 61.265 26.653 52.209 45.121
2000 1 Right 318.405 672.403 321.245 604.679 354.119 559.218 391.983 543.261 422.973 541.844 369.406 542.161 427.486 505.587 458.794 495.49 479.298 493.134 394.323 567.294 455.904 525.254 483.887 513.504 500.225 509.772 415.616 597.624 473.956 560.399 495.397 549.178 505.275 545.163 430.798 629.97 474.021 602.497 491.23 590.154 499.415 582.711 21.106 20.479 45.611 23.445 48.574 23.577 45.868 26.976 33.701 28.909
2100 1 Right 322.619 641.565 309.838 575.724 331.446 522.573 368.574 491.912 398.256 477.16 332.506 502.885 379.798 447.345 408.874 422.862 432.192 408.361 363.362 520.189 414.05 459.116 445.082 426.856 468.608 406.035 393.34 541.932 442.043 484.704 471.06 452.26 492.46 430.959 418.555 565.52 455.133 520.508 474.532 493.027 490.255 472.422 24.086 19.526 38.708 20.905 33.02 28.997 25.236 28.382 25.067 23.423
2200 1 Right 320.209 614.33 300.602 551.285 314.055 497.663 346.871 465.922 375.935 453.746 323.1 480.361 369.469 426.641 398.225 399.981 420.386 381.565 356.392 495.767 404.207 432.752 433.393 399.073 454.005 375.587 387.541 516.714 431.088 456.016 457.924 421.263 477.111 395.888 413.245 540.131 445.175 490.359 461.911 460.865 475.78 437.591 35.422 17.92 30.465 22.101 30.807 19.86 25.892 14.221 16.245 18.188
2300 1 Right 328.061 592.675 305.247 528.625 318.157 478.355 352.737 449.538 381.34 438.722 321.256 458.606 369.17 404.728 396.684 377.642 417.289 359.116 354.763 470.441 397.925 408.186 424.007 374.769 443.118 350.806 387.583 487.466 425.145 426.893 449.03 393.628 466.791 369.307 415.884 507.388 443.794 458.265 459.273 431.227 472.911 409.842 34.935 20.196 27.722 24.67 32.207 20.118 28.456 17.082 19.304 13.8
2400 1 Right 331.337 588.38 308.239 525.828 322.986 475.768 358.454 448.756 388.467 438.897 328.273 454.601 370.82 402.501 396.268 376.817 415.296 358.651 360.809 464.46 402.625 404.239 426.547 371.212 443.21 346.155 391.763 480.516 428.978 421.949 450.767 388.105 465.498 361.556 417.693 500.887 446.323 454.856 461.8 428.935 474.417 407.044 21.801 30.692 21.991 27.739 26.485 21.908 14.169 22.244 18.495 10.065
2500 1 Right 335.472 588.291 310.466 525.159 323.855 474.031 358.529 444.926 388.148 433.454 326.875 453.68 370.978 399.96 397.398 372.536 417.455 353.501 360.037 463.401 401.067 401.387 425.349 367.536 442.761 342.522 392.118 478.635 427.833 418.519 448.95 384.23 463.896 358.137 419.328 497.71 446.346 450.864 460.853 424.027 473.201 401.79 25.879 26.588 23.741 24.106 29.658 20.555 16.43 21.377 16.302 14.405
2600 1 Right 336.051 592.308 307.43 528.414 317.063 475.454 348.605 444.684 377.184 432.489 324.453 459.6 363.286 402.647 387.084 373.876 406.288 353.793 359.247 468.567 396.974 402.111 420.295 365.628 437.947 338.904 391.852 483.016 424.74 418.835 445.079 382.881 459.934 355.493 418.822 501.729 443.798 451.104 457.877 422.325 470.066 398.698 28.385 24.278 30.162 20.196 31.422 22.526 18.054 25.88 18.464 12.39
2700 1 Right 336.083 612.327 302.573 552.087 307.983 497.632 338.728 461.052 367.218 442.544 311.964 481.783 350.749 415.086 374.606 380.079 393.231 355.015 347.025 490.326 381.911 415.419 403.881 371.615 419.899 338.553 381.5 504.128 411.747 435.304 431.258 394.665 445.008 363.643 411.943 522.007 436.134 468.271 447.963 435.79 458.187 408.936 26.667 24.779 31.649 13.928 29.082 24.188 19.855 25.145 13.703 14.775
2800 1 Right 337.468 635.099 301.265 574.778 300.609 518.526 326.312 478.994 352.754 458.802 311.333 508.277 343.343 439.31 363.144 400.823 378.847 372.286 347.609 515.367 378.421 437.754 396.695 391.675 409.8 356.807 382.738 526.909 409.936 454.781 426.586 411.605 437.792 378.557 413.824 542.88 436.53 487.12 446.782 453.28 454.859 425.571 25.886 23.309 33.198 12.686 19.108 28.258 13.8 29.838 13.415 9.441
2900 1 Right 340.073 662.748 301.168 605.082 298.105 545.042 320.055 495.177 337.683 462.026 307.722 540.905 338.283 468.232 357.284 427.879 372.049 397.274 346.422 549.426 374.379 469.64 392.307 422.673 405.213 386.948 382.792 560.233 408.265 486.427 424.852 442.18 436.145 408.393 414.049 572.633 434.44 516.296 444.543 482.284 452.185 454.544 22.778 10.681 30.079 18.948 19.957 30.509 19.887 18.196 14.36 5.553
3000 1 Right 340.672 710.027 306.598 661.415 302.752 608.096 327.804 567.239 357.184 548.445 297.263 617.365 331.359 546.604 353.383 513.959 369.298 490.143 337.431 633.66 367.922 556.467 385.832 512.839 398.667 480.732 377.569 647.379 405.209 576.474 421.036 533.989 431.188 501.244 412.826 657.909 433.906 602.431 445.575 568.746 454.679 540.075 25.888 19.151 40.057 25.529 35.596 30.966 39.101 32.975 24.333 23.551
3100 1 Right 337.587 742.494 303.881 694.791 305.494 642.949 334.67 605.316 365.979 588.927 298.411 663.128 328.325 597.303 352.247 562.097 370.832 535.593 336.36 684.657 365.678 614.908 385.164 571.501 398.487 539.076 375.907 701.96 406.919 636.535 424.165 591.74 432.89 557.015 413.016 713.322 437.496 658.103 449.267 622.249 456.454 591.398 22.524 16.653 39.429 23.743 41.825 24.933 28.801 38.984 19.697 26.939
3200 1 Right 353.252 748.97 317.449 711.208 313.265 669.459 340.884 638.236 373.584 624.533 304.172 727.502 336.348 665.195 361.651 627.25 381.158 604.035 343.478 751.862 376.175 683.085 397.384 635.33 412.208 604.634 383.715 765.19 418.293 701.495 437.401 654.438 447.962 620.909 419.861 768.819 443.854 716.582 454.837 679.175 461.31 648.673 15.22 14.953 41.554 26.157 54.718 32.461 45.031 42.059 33.42 50.501
3300 1 Right 350.357 775.212 314.76 741.653 309.843 702.185 339.479 662.787 377.63 636.646 313.227 754.099 346.36 686.351 371.354 643.356 390.085 617.003 358.449 770.514 383.173 700.962 398.42 646.898 408.119 611.554 396.844 777.708 421.599 710.047 437.446 659.604 447.154 629.163 427.152 775.151 445.971 722.73 457.933 686.873 466.977 664.906 43.77 14.829 68.054 36.44 55.731 44.364 70.53 49.21 56.876 46.383
3400 1 Right 347.018 816.978 316.198 769.728 314.822 716.116 338.956 677.322 365.706 654.043 312.564 749.185 340.965 687.764 362.557 650.388 379.088 625.446 353.896 767.423 381.827 698.893 404.294 654.023 420.752 624.181 391.707 780.763 421.814 715.556 442.942 674.616 454.399 645.694 423.602 788.249 447.54 733.227 461.409 698.338 469.741 671.421 21.485 11.148 46.086 9.365 31.083 36.283 42.712 28.262 18.425 52.397
3500 1 Right 344.632 814.603 312.723 768.0 310.486 721.383 336.64 689.666 368.271 676.441 312.885 743.692 341.015 681.89 363.641 646.047 383.642 618.948 351.137 763.884 380.958 698.316 402.204 652.655 418.417 617.332 389.057 779.213 421.056 718.576 441.024 673.141 454.18 638.04 422.676 787.041 447.053 734.889 460.739 697.914 472.338 667.13 21.058 18.611 48.63 15.006 27.017 35.27 17.224 41.218 20.224 12.947
3600 1 Right 345.336 811.107 312.758 763.622 309.482 715.227 335.319 681.31 366.622 665.485 314.266 741.242 342.656 678.873 364.869 642.066 384.566 613.167 352.89 762.369 382.78 696.118 403.484 649.761 419.16 613.688 390.22 777.976 423.448 716.722 443.276 671.189 455.554 636.264 422.672 786.116 447.478 732.729 461.338 695.086 472.656 664.443 21.165 15.976 43.106 13.272 27.678 31.72 15.286 39.156 12.549 16.669
3700 1 Right 343.124 807.367 311.159 759.341 309.552 710.771 337.422 678.499 369.821 665.506 312.461 733.172 342.116 669.948 364.974 633.743 385.418 605.166 350.44 754.762 380.687 687.154 402.672 641.124 420.078 605.075 388.068 771.639 421.28 708.983 442.189 663.582 456.021 628.713 421.685 781.191 446.738 726.539 461.718 688.422 474.489 657.393 21.953 18.837 43.587 13.999 26.304 30.835 19.76 32.946 13.883 21.175
3800 1 Right 346.635 808.461 311.428 760.971 308.125 710.723 335.41 673.247 367.088 654.982 322.898 738.188 350.856 674.109 370.799 635.664 388.115 604.777 362.402 756.883 388.114 687.986 405.936 639.911 419.9 602.703 398.538 770.087 426.805 706.413 444.857 660.162 457.208 626.458 427.388 775.759 449.379 721.993 461.829 684.526 473.443 655.658 24.035 13.07 40.665 10.162 28.012 28.099 18.342 34.597 12.116 12.612
3900 1 Right 344.954 800.987 314.38 752.766 314.122 702.932 342.018 667.401 372.852 649.693 310.309 723.346 342.59 658.716 368.076 621.194 390.42 592.338 348.736 744.914 383.205 675.11 408.314 628.054 427.805 591.797 388.342 762.461 423.598 696.372 446.179 648.286 461.073 611.788 423.328 773.012 449.427 719.491 462.955 680.055 473.314 647.522 26.57 9.984 47.652 14.86 32.413 25.824 15.174 32.13 28.619 30.428
4000 1 Right 344.409 805.849 315.019 756.176 318.887 705.405 348.194 668.924 377.667 650.064 312.342 729.198 345.322 664.8 372.922 624.798 397.689 593.515 351.041 751.659 387.947 676.677 415.35 626.177 436.713 587.308 390.57 769.624 429.784 701.047 454.833 651.451 471.767 614.085 424.874 779.633 453.939 722.946 468.517 682.975 481.008 650.517 18.644 12.192 39.757 21.091 16.131 37.638 25.387 36.645 16.654 20.452
4100 1 Right 344.047 830.946 330.625 783.389 348.476 732.01 385.536 698.465 417.689 681.285 333.527 739.592 377.899 681.203 416.23 647.402 447.687 621.736 361.907 768.722 419.258 704.108 459.559 662.01 491.523 631.853 394.4 796.399 456.726 737.864 492.72 692.01 519.843 659.428 426.563 818.341 469.473 767.424 495.765 727.977 518.813 698.916 14.463 17.922 33.407 33.594 9.51 39.762 47.435 23.51 18.598 9.963
4200 1 Right 338.441 863.303 337.545 812.621 372.904 763.747 422.501 738.18 461.224 729.66 357.532 767.196 417.53 718.645 462.423 694.39 498.792 676.497 377.532 803.503 451.748 753.126 500.437 723.551 538.693 702.697 401.628 839.874 478.382 802.03 522.579 771.852 554.762 750.325 426.248 872.215 482.404 837.843 514.549 813.958 539.131 795.907 15.833 14.227 30.167 28.374 23.766 28.999 40.964 33.854 24.096 31.673
4300 0
4400 0
4500 0
4600 0
4700 0
4800 0
4900 0
5000 0
5100 0
5200 0
