4933
50
0 0
100 0
200 1 Right 178.127 857.285 209.754 790.945 268.379 762.485 326.134 765.219 363.656 773.32 283.891 761.455 351.549 739.027 390.619 728.534 419.839 724.754 293.421 805.038 367.301 789.614 353.154 783.418 326.879 785.313 296.675 845.26 353.786 825.306 338.44 819.208 316.12 822.995 298.222 878.013 341.271 854.909 327.039 849.175 306.948 853.275 27.371 6.189 44.182 10.03 68.672 28.195 60.668 15.038 53.318 24.866
300 1 Right 186.286 815.135 215.201 747.639 274.388 716.665 326.599 713.185 361.049 721.369 297.862 704.34 361.223 687.969 395.069 682.361 421.719 679.367 311.089 746.622 377.175 736.022 361.003 738.098 336.598 742.111 316.143 789.511 364.559 775.13 347.492 775.245 326.42 780.568 317.096 826.021 351.259 806.251 337.124 805.101 320.45 810.929 32.52 14.366 38.301 2.873 46.554 22.045 19.641 16.077 33.334 22.872
400 1 Right 200.719 780.544 229.233 710.968 284.854 679.333 331.363 679.131 361.086 692.937 316.657 669.991 373.615 654.377 403.1 650.457 425.215 648.523 330.359 710.715 389.231 699.042 370.711 700.149 344.642 705.01 334.53 752.377 375.202 740.177 356.448 739.49 335.24 745.14 332.323 788.023 360.619 773.671 346.499 771.918 329.767 777.716 31.002 26.715 35.151 10.958 40.167 19.474 14.489 22.916 30.471 27.906
500 1 Right 220.693 747.136 251.694 678.324 304.752 646.922 345.84 645.419 373.029 660.143 342.539 634.826 393.91 624.594 417.024 623.505 434.168 622.695 356.777 672.927 402.587 667.92 384.863 672.069 361.135 676.462 360.749 713.955 389.038 706.267 370.646 709.459 349.373 714.485 357.724 749.912 374.608 738.868 358.992 740.486 341.37 746.113 18.01 32.65 25.66 5.155 31.207 13.392 12.136 26.635 25.43 34.909
600 1 Right 235.501 741.216 263.72 672.502 313.743 643.314 352.718 641.585 378.008 655.154 355.908 631.83 407.979 619.748 425.265 620.727 436.014 621.697 369.571 671.011 411.778 666.055 393.457 670.937 371.35 675.95 372.101 711.924 395.453 703.755 378.322 707.218 358.745 712.594 367.939 746.57 382.239 736.777 367.565 738.228 350.795 741.997 26.192 41.5 18.79 7.966 40.394 18.449 12.194 25.473 29.029 35.923
700 1 Right 250.214 735.482 282.293 671.225 333.51 648.986 369.192 653.949 390.82 672.363 381.362 635.39 432.352 633.661 431.874 642.901 420.967 647.934 394.516 673.915 421.592 678.326 404.947 684.353 386.395 687.158 394.779 713.974 406.024 709.276 389.972 712.413 371.485 714.214 388.884 747.565 393.321 738.653 378.499 739.127 362.242 739.388 23.409 21.589 7.105 45.685 27.302 23.699 9.391 33.456 21.551 60.607
800 1 Right 259.531 737.706 289.168 674.858 337.571 650.871 373.726 652.771 395.814 669.973 384.194 638.823 436.092 635.634 438.454 642.734 428.062 648.234 397.775 676.658 423.457 677.097 407.684 679.721 388.671 681.65 399.373 715.215 411.887 708.569 397.798 710.413 379.494 712.947 395.198 747.149 402.198 737.852 388.863 736.946 372.67 736.994 17.963 25.71 10.118 50.096 26.15 1.656 20.337 27.367 13.055 83.432
900 1 Right 255.622 742.64 283.553 680.717 332.077 658.05 367.551 662.096 389.005 680.276 380.068 643.595 432.075 641.27 436.567 649.979 428.266 657.934 393.232 680.34 415.87 685.841 399.228 689.827 381.5 691.462 393.896 719.143 404.608 716.362 389.369 719.444 371.956 721.274 388.909 752.151 394.516 746.484 380.121 747.48 364.137 747.54 14.729 29.2 13.989 62.238 31.841 9.101 18.545 30.114 22.941 74.945
1000 1 Right 252.418 740.702 282.253 679.353 331.893 657.44 367.434 660.962 388.931 677.964 378.433 642.697 430.402 644.092 435.089 651.44 426.892 655.589 391.237 678.978 416.484 683.675 400.014 688.168 381.435 689.004 392.469 717.186 403.534 714.33 388.095 718.43 369.898 719.958 387.837 749.934 391.211 744.551 376.274 746.116 359.883 746.003 14.863 33.484 15.912 57.173 35.49 5.411 23.031 27.794 20.638 68.656
1100 1 Right 250.306 739.47 279.468 678.62 328.78 657.154 364.361 661.037 385.72 678.364 375.936 642.04 427.769 643.375 436.389 648.712 433.011 651.276 388.881 678.291 414.145 683.686 397.714 687.514 379.654 688.018 390.177 716.481 402.259 714.138 386.85 717.537 368.766 718.674 385.773 749.017 389.641 743.913 374.866 745.19 358.587 744.895 14.773 29.967 8.494 34.826 29.537 6.86 23.257 25.796 17.577 72.394
1200 1 Right 244.598 728.402 275.003 671.033 324.238 650.002 360.995 655.344 382.563 672.06 368.102 633.905 426.321 635.255 437.639 643.955 436.317 647.315 380.336 669.381 419.364 675.204 403.98 682.472 384.316 683.278 381.985 706.989 406.27 705.029 390.652 709.748 371.855 710.727 377.701 739.911 391.438 733.428 376.907 735.539 360.551 736.118 22.434 31.694 19.479 24.273 37.234 10.476 19.16 22.016 19.259 57.412
1300 1 Right 234.502 722.192 263.467 661.985 312.966 639.708 349.593 647.207 372.183 665.77 352.302 622.014 404.872 617.321 428.675 619.204 442.525 618.607 367.293 654.638 415.585 658.967 401.607 670.079 381.649 674.129 372.828 691.127 413.335 691.299 396.803 698.481 376.218 700.685 371.117 724.207 398.239 718.547 385.569 723.835 368.389 726.215 31.446 31.583 14.501 12.459 36.906 17.518 16.433 33.967 27.018 40.425
1400 1 Right 216.485 698.829 240.508 637.694 283.566 603.977 323.655 593.728 354.841 592.436 298.078 576.658 360.914 548.146 396.026 537.776 419.984 532.501 311.313 597.853 385.935 577.242 412.709 585.139 419.346 599.271 321.103 630.183 390.224 612.751 412.032 619.076 415.547 628.451 327.56 666.423 380.302 656.91 397.992 657.158 403.213 658.471 20.974 20.052 38.826 13.156 49.298 32.439 47.311 31.948 29.954 41.928
1500 1 Right 201.761 674.51 221.528 618.017 258.08 573.083 298.385 552.247 330.835 546.061 260.151 542.596 323.385 507.824 363.132 494.969 394.411 488.508 269.231 560.46 337.384 518.153 381.493 502.97 415.835 496.595 282.652 588.779 348.258 551.117 392.09 541.276 425.075 539.905 297.753 622.67 349.751 597.786 381.829 589.209 409.759 585.755 34.674 14.306 26.237 17.658 36.585 12.028 21.658 23.828 18.34 20.386
1600 1 Right 203.251 654.638 256.855 611.697 271.801 562.444 272.59 523.892 265.824 497.766 223.448 511.328 242.596 456.107 260.533 418.517 277.108 387.124 218.423 513.455 242.947 448.289 262.766 406.648 279.582 368.753 221.659 526.944 242.855 461.111 259.043 423.134 272.527 389.901 232.417 547.825 242.293 503.078 251.732 472.188 261.105 443.976 33.115 15.943 11.831 39.466 8.563 11.369 16.869 17.329 8.219 6.127
1700 1 Right 192.977 626.907 248.225 581.836 260.105 531.608 259.301 496.441 247.63 473.519 209.472 484.387 223.823 437.921 234.124 401.023 240.634 368.697 196.584 487.246 214.704 430.407 225.922 387.719 232.83 348.168 191.002 497.749 211.358 441.016 223.224 402.753 230.335 368.856 193.662 512.681 205.015 470.304 212.383 440.003 218.994 413.597 25.447 39.873 13.309 34.434 7.258 4.683 9.659 8.498 0.494 10.326
1800 1 Right 201.794 603.019 243.381 556.148 245.826 504.165 242.274 469.803 227.831 447.627 205.133 464.426 211.738 415.195 214.382 378.9 213.551 345.872 192.869 462.151 197.933 406.024 199.09 362.099 197.93 323.741 183.549 467.037 191.094 410.3 193.902 369.225 193.341 333.436 180.508 475.395 186.284 425.411 190.326 390.805 194.223 360.953 20.476 30.183 10.132 21.722 14.287 5.48 7.66 7.957 1.866 6.861
1900 1 Right 209.091 601.787 248.455 554.664 247.575 499.379 243.347 463.343 228.569 439.408 207.931 461.675 211.971 411.198 213.561 375.617 210.924 344.33 195.731 460.249 198.604 402.947 198.962 361.14 196.132 325.523 186.888 467.404 192.305 408.511 194.727 367.965 192.834 333.425 183.683 478.903 188.874 427.752 191.013 392.735 192.509 361.997 20.988 26.508 11.518 22.757 8.553 8.032 3.982 12.933 2.954 1.851
2000 1 Right 222.963 598.6 261.646 553.866 261.406 498.578 254.669 461.951 238.636 436.493 214.846 456.626 215.704 406.534 214.028 367.941 209.064 335.033 201.333 459.194 204.801 402.22 205.102 360.943 202.124 323.948 194.449 469.123 200.747 411.971 203.228 372.321 202.052 337.406 194.3 482.496 201.187 434.577 203.131 401.324 204.876 372.589 17.543 31.714 9.802 18.957 10.098 1.748 8.37 4.77 5.512 8.302
2100 1 Right 255.332 603.789 301.954 553.677 301.526 503.55 298.187 468.105 292.024 440.9 238.093 471.181 256.237 421.097 265.977 382.882 271.033 352.121 230.136 472.311 247.014 411.703 253.998 368.62 256.402 328.076 233.791 477.144 250.01 416.171 255.715 374.282 257.891 338.349 248.202 482.7 255.921 435.795 256.628 402.899 258.136 374.918 16.295 21.102 6.746 26.767 5.572 11.812 4.382 15.797 5.258 14.938
2200 1 Right 280.655 608.928 328.043 560.932 334.714 516.121 335.75 482.667 333.643 450.581 268.888 480.216 286.838 429.277 299.232 389.67 306.502 356.204 265.394 482.068 284.468 422.608 296.753 379.953 303.4 340.511 274.973 487.779 291.674 428.581 301.007 386.319 306.52 350.714 294.929 494.817 302.777 450.212 305.699 417.713 310.419 390.615 14.103 26.674 2.99 25.832 4.264 9.893 4.087 8.951 6.2 2.377
2300 1 Right 316.881 623.647 366.101 576.533 387.827 523.004 404.653 487.447 425.664 463.476 346.517 485.535 393.295 445.554 425.215 415.08 451.428 389.426 343.257 492.011 397.073 442.143 433.589 407.197 464.164 376.443 351.461 506.561 400.211 457.021 435.678 423.479 464.374 396.361 368.003 526.446 403.034 487.451 426.103 459.901 445.744 436.036 30.944 24.918 9.535 17.96 14.342 17.263 0.416 13.955 6.028 20.594
2400 1 Right 329.472 631.552 392.012 594.476 428.236 551.775 454.329 522.143 478.807 501.661 403.816 504.183 457.749 476.914 497.915 457.563 529.321 441.315 400.73 510.871 463.03 477.146 506.496 457.139 540.43 438.147 404.845 526.903 463.894 492.517 504.05 470.366 534.286 452.057 416.035 550.185 458.925 522.013 488.008 501.994 511.894 484.985 12.975 10.757 11.572 24.555 8.727 24.615 6.46 20.96 3.977 11.737
2500 1 Right 346.659 638.293 384.387 587.126 430.861 560.269 467.099 552.674 493.07 556.245 454.503 530.928 522.031 527.8 563.768 523.604 596.69 518.747 462.028 545.253 533.016 536.788 575.904 531.036 609.312 522.743 466.948 568.085 533.478 555.444 574.355 546.952 605.742 535.966 471.838 597.627 520.845 582.487 551.662 573.259 577.5 562.404 4.647 5.695 23.84 8.593 14.403 27.865 15.711 20.651 8.965 24.766
2600 1 Right 365.107 636.69 407.462 594.617 452.902 573.169 489.825 567.29 516.562 569.942 466.642 545.528 532.093 546.924 570.44 549.634 600.253 549.917 474.465 559.593 545.679 555.741 585.607 555.926 617.063 553.263 479.318 582.039 546.316 570.239 586.057 562.98 618.378 553.546 483.41 611.386 533.103 597.405 563.768 590.199 591.078 583.108 6.648 9.781 16.474 6.128 11.428 16.362 7.166 19.568 14.46 13.149
2700 1 Right 370.826 636.871 408.324 599.146 454.996 579.182 493.64 577.011 520.108 582.941 474.475 555.133 539.12 561.006 577.461 565.045 606.692 566.468 481.678 571.11 552.322 570.593 593.42 570.199 626.09 567.021 485.121 594.982 551.947 586.999 591.983 582.209 624.368 575.33 486.425 624.54 537.407 613.677 569.415 608.114 597.807 602.835 1.349 6.828 15.646 10.362 14.111 12.941 11.3 17.397 9.203 17.175
2800 1 Right 371.936 635.699 407.608 598.898 454.866 580.253 493.844 581.54 519.865 589.282 472.526 557.585 536.383 563.664 574.962 568.045 604.523 569.372 481.245 573.878 550.079 573.045 591.855 571.923 625.493 567.9 486.502 597.274 551.069 590.286 590.425 585.466 622.182 578.155 489.211 624.92 539.14 614.605 570.509 608.488 598.71 602.861 6.438 9.207 16.153 8.726 20.484 11.505 6.181 21.802 12.684 14.924
2900 1 Right 375.362 634.403 408.721 596.536 454.424 577.422 492.497 578.791 517.119 587.927 473.33 558.551 538.174 564.164 576.781 566.849 605.945 566.563 481.906 574.879 551.333 573.598 592.876 572.054 625.721 567.958 486.852 598.084 552.487 590.653 591.372 585.659 622.51 578.32 489.242 625.584 540.193 615.389 571.136 609.255 598.512 603.226 3.913 14.89 16.685 12.207 16.327 14.621 10.201 20.06 11.244 18.208
3000 1 Right 376.214 632.319 408.799 593.581 453.792 573.197 491.824 572.813 517.804 581.544 472.114 556.117 537.613 560.818 576.66 562.747 606.422 562.293 480.006 572.582 549.859 570.343 591.75 568.547 624.787 564.739 484.918 596.184 550.656 587.895 589.548 582.687 620.523 575.478 487.304 624.117 538.354 613.438 569.259 606.795 596.254 600.334 6.889 12.2 12.538 6.3 14.766 14.195 12.31 19.204 9.799 16.111
3100 1 Right 375.966 632.915 406.841 595.708 452.044 574.603 490.298 575.419 515.637 585.07 470.628 555.686 536.026 560.592 575.548 562.827 605.401 562.438 478.59 572.616 548.214 570.294 590.242 568.382 623.456 563.952 483.623 596.231 548.983 587.438 588.148 582.007 619.121 574.601 486.432 623.823 536.944 613.618 568.237 606.909 595.761 600.514 4.515 10.476 12.042 5.339 14.712 13.014 11.655 16.974 11.399 15.513
3200 1 Right 373.439 633.883 403.472 595.757 448.517 573.372 486.675 571.935 512.358 581.271 467.533 554.837 532.158 557.922 572.23 559.515 602.656 558.892 475.214 571.299 543.965 568.042 586.445 565.717 620.323 561.205 480.355 594.898 545.077 585.584 584.708 580.104 616.175 572.932 483.169 622.802 533.839 611.855 565.019 605.074 592.248 598.866 3.267 14.192 8.106 5.038 12.979 13.954 11.659 19.548 8.544 16.011
3300 1 Right 373.085 636.704 402.322 598.419 446.559 576.059 484.695 574.983 510.866 583.173 464.526 556.308 529.939 559.343 570.168 560.477 600.584 559.455 472.762 573.046 542.725 569.23 585.601 566.269 619.643 561.104 478.365 596.727 544.187 586.936 584.338 580.318 615.85 572.206 481.729 624.717 532.245 613.765 563.872 606.284 591.749 599.576 3.523 15.274 11.331 6.213 12.526 16.176 11.56 16.952 6.775 15.953
3400 1 Right 371.36 656.868 401.156 616.326 444.891 593.282 482.742 590.376 510.675 595.313 461.865 570.55 526.971 567.355 565.494 568.576 594.254 569.654 469.218 587.342 542.381 583.68 586.442 583.966 619.248 585.003 473.557 612.849 544.616 606.086 587.124 603.635 619.519 601.256 475.321 644.226 534.214 637.759 569.821 635.835 599.553 634.435 2.793 44.966 12.388 7.541 21.912 14.458 18.638 22.871 9.968 24.785
3500 1 Right 364.902 685.014 396.768 644.492 443.152 622.042 481.237 620.761 509.029 626.198 462.336 598.372 528.555 594.051 567.385 594.863 595.745 595.754 469.362 619.33 544.588 617.515 589.379 620.274 622.741 623.078 472.281 646.752 544.095 642.212 588.336 643.554 621.731 645.507 472.351 678.765 529.072 675.776 563.443 676.219 591.055 677.145 11.173 39.883 12.144 9.35 9.118 24.923 16.718 13.936 12.814 13.142
3600 1 Right 349.504 795.112 398.403 753.663 454.495 739.25 500.132 746.3 529.562 758.961 471.192 725.234 543.111 724.226 583.172 731.848 611.896 740.396 470.189 754.303 548.422 765.381 592.838 778.415 623.108 792.497 463.531 789.954 538.5 802.309 582.879 814.013 613.507 825.09 452.673 827.223 508.524 838.035 542.054 846.4 568.043 854.916 30.684 13.784 33.448 11.091 31.119 17.541 18.039 26.818 29.786 20.15
3700 1 Right 332.379 860.681 378.583 823.386 440.787 817.033 486.596 832.394 517.673 854.68 467.261 812.014 539.547 826.918 581.018 841.344 609.996 854.778 461.116 837.418 536.847 865.862 579.459 888.229 611.856 907.908 448.486 868.529 517.717 900.802 556.151 925.09 583.258 945.787 429.93 900.914 479.91 926.782 509.246 945.817 531.225 961.508 36.662 11.678 12.031 1.822 30.697 25.081 29.974 15.119 15.422 23.546
3800 0
3900 0
4000 0
4100 0
4200 0
4300 0
4400 0
4500 0
4600 0
4700 0
4800 0
4900 0
